 38
BUNU                   0.0000 0.8228 0.7589 0.8530 0.5278 0.7149 0.8483 0.8176 0.8245 0.8084 0.7869 0.8402 0.8210 0.7917 0.6702 0.6881 0.7562 0.6702 0.8210 0.7842 0.7893 0.7533 0.7506 0.7073 0.8115 0.7372 0.7651 0.7774 0.8042 0.7770 0.8731 0.7073 0.8080 0.7982 0.7362 0.8176 0.8228 0.7037
CHANGPING_BIAO_MON     0.8228 0.0000 0.7744 0.5864 0.7689 0.8021 0.5842 0.6255 0.5669 0.7927 0.8066 0.5390 0.5908 0.8460 0.8250 0.7975 0.8228 0.7383 0.8703 0.7845 0.8089 0.7330 0.7298 0.7383 0.7298 0.8003 0.7998 0.8103 0.6749 0.7951 0.5887 0.8084 0.8567 0.8172 0.7691 0.5519 0.8614 0.7765
CHENHU_SHE             0.7589 0.7744 0.0000 0.7372 0.7284 0.6810 0.7250 0.6851 0.7415 0.7770 0.4192 0.7596 0.6929 0.7596 0.7156 0.7298 0.6890 0.6153 0.7774 0.7000 0.4300 0.5537 0.5015 0.7451 0.6862 0.6899 0.3830 0.6966 0.5662 0.6881 0.7506 0.6744 0.7640 0.8159 0.6460 0.7887 0.7193 0.6471
CHIANGRAI_MIEN         0.8530 0.5864 0.7372 0.0000 0.7781 0.7615 0.3002 0.6205 0.7330 0.8003 0.8279 0.6147 0.4774 0.8003 0.7447 0.7887 0.8115 0.7689 0.8408 0.7615 0.8444 0.7326 0.7455 0.7689 0.7455 0.7004 0.8061 0.7400 0.6640 0.7865 0.2595 0.7207 0.8420 0.8495 0.7142 0.4344 0.8444 0.7000
DAHUA_BUNU             0.5278 0.7689 0.7284 0.7781 0.0000 0.7198 0.7975 0.7531 0.8007 0.8148 0.7969 0.8286 0.7578 0.7861 0.7175 0.6799 0.7555 0.4691 0.8377 0.7799 0.7988 0.6466 0.6593 0.6475 0.7645 0.7245 0.7631 0.7160 0.7256 0.7428 0.8060 0.7131 0.8139 0.8327 0.7381 0.7819 0.7988 0.6761
DANANSHAN_HMONG        0.7149 0.8021 0.6810 0.7615 0.7198 0.0000 0.7677 0.6922 0.7691 0.7315 0.7633 0.8042 0.7702 0.4079 0.4487 0.7383 0.7149 0.5288 0.7535 0.5560 0.7845 0.6784 0.6744 0.6614 0.6153 0.3789 0.7415 0.4330 0.6361 0.3875 0.7939 0.2994 0.7217 0.7939 0.5630 0.8141 0.7845 0.5335
DAPINGJIANG_MIEN       0.8483 0.5842 0.7250 0.3002 0.7975 0.7677 0.0000 0.5761 0.7193 0.8245 0.8210 0.5908 0.5432 0.8245 0.7869 0.7961 0.8193 0.7589 0.8495 0.7677 0.8388 0.7840 0.7506 0.7908 0.7175 0.7372 0.7982 0.7282 0.6460 0.8103 0.4316 0.7422 0.8507 0.8444 0.7000 0.3638 0.8542 0.7037
DAPING_MIEN            0.8176 0.6255 0.6851 0.6205 0.7531 0.6922 0.5761 0.0000 0.6534 0.7537 0.7280 0.5842 0.5597 0.8063 0.7474 0.7415 0.7535 0.6851 0.8340 0.7298 0.7506 0.6824 0.6404 0.7217 0.6966 0.7002 0.7075 0.6702 0.5529 0.6997 0.5800 0.6851 0.8061 0.8279 0.6361 0.6361 0.8042 0.6584
DONGSHAN_BIAO_MON      0.8245 0.5669 0.7415 0.7330 0.8007 0.7691 0.7193 0.6534 0.0000 0.7765 0.7506 0.6255 0.6838 0.8475 0.8089 0.7998 0.8084 0.7770 0.8713 0.8042 0.7540 0.7535 0.7330 0.7415 0.7842 0.7702 0.7474 0.8122 0.5413 0.7205 0.7078 0.7596 0.8578 0.8517 0.7537 0.6956 0.8288 0.7603
GUNDONG_PA_HNG         0.8084 0.7927 0.7770 0.8003 0.8148 0.7315 0.8245 0.7537 0.7765 0.0000 0.7707 0.7765 0.7415 0.7572 0.7707 0.7633 0.7193 0.7770 0.7939 0.7691 0.7737 0.7865 0.7842 0.8103 0.6768 0.7702 0.8021 0.7795 0.7193 0.7792 0.8021 0.7596 0.7961 0.8191 0.7718 0.8388 0.7540 0.7603
HAIFENG_SHE            0.7869 0.8066 0.4192 0.8279 0.7969 0.7633 0.8210 0.7280 0.7506 0.7707 0.0000 0.7506 0.7893 0.7901 0.7645 0.7951 0.6914 0.7537 0.8388 0.7819 0.1824 0.6724 0.6255 0.8063 0.7623 0.7819 0.3351 0.7917 0.7118 0.7540 0.8152 0.7718 0.8245 0.8323 0.7663 0.8191 0.6568 0.7737
HAINAN_KIM_MUN         0.8402 0.5390 0.7596 0.6147 0.8286 0.8042 0.5908 0.5842 0.6255 0.7765 0.7506 0.0000 0.4967 0.8475 0.8444 0.8172 0.8245 0.7939 0.8713 0.7869 0.7737 0.7702 0.7677 0.7939 0.7506 0.7865 0.7845 0.8122 0.6141 0.7975 0.5954 0.7939 0.8578 0.8517 0.7350 0.6312 0.8460 0.7603
HAININH_MIEN           0.8210 0.5908 0.6929 0.4774 0.7578 0.7702 0.5432 0.5597 0.6838 0.7415 0.7893 0.4967 0.0000 0.8417 0.7718 0.7651 0.7751 0.7451 0.8368 0.7362 0.7917 0.6539 0.6682 0.7451 0.7372 0.7071 0.7330 0.7479 0.5194 0.7264 0.4415 0.6929 0.8382 0.8159 0.6851 0.6255 0.8245 0.6679
HMONG_DAW              0.7917 0.8460 0.7596 0.8003 0.7861 0.4079 0.8245 0.8063 0.8475 0.7572 0.7901 0.8475 0.8417 0.0000 0.5303 0.8172 0.8084 0.7415 0.7939 0.6914 0.8110 0.7362 0.7330 0.7939 0.7330 0.4511 0.8356 0.5800 0.7744 0.5553 0.8356 0.4404 0.7623 0.8191 0.7537 0.8542 0.8288 0.6776
HMONG_NJUA             0.6702 0.8250 0.7156 0.7447 0.7175 0.4487 0.7869 0.7474 0.8089 0.7707 0.7645 0.8444 0.7718 0.5303 0.0000 0.6950 0.7315 0.6749 0.7718 0.6373 0.7875 0.6520 0.6679 0.7156 0.7447 0.5386 0.7407 0.6367 0.7506 0.5669 0.7975 0.4496 0.7567 0.7975 0.6869 0.7845 0.8066 0.6193
HMU                    0.6881 0.7975 0.7298 0.7887 0.6799 0.7383 0.7961 0.7415 0.7998 0.7633 0.7951 0.8172 0.7651 0.8172 0.6950 0.0000 0.7623 0.7113 0.7819 0.7193 0.7975 0.7422 0.7217 0.7113 0.7392 0.7751 0.7537 0.7330 0.7447 0.7474 0.7893 0.7298 0.7506 0.7537 0.5971 0.7939 0.8152 0.5954
HUANGLUO_BUNU          0.7562 0.8228 0.6890 0.8115 0.7555 0.7149 0.8193 0.7535 0.8084 0.7193 0.6914 0.8245 0.7751 0.8084 0.7315 0.7623 0.0000 0.7073 0.7589 0.7149 0.6956 0.7037 0.6824 0.7908 0.6640 0.7840 0.6724 0.7282 0.7392 0.7596 0.7982 0.7589 0.7451 0.7477 0.7535 0.8176 0.3875 0.7229
JINGCUN_BUNU           0.6702 0.7383 0.6153 0.7689 0.4691 0.5288 0.7589 0.6851 0.7770 0.7770 0.7537 0.7939 0.7451 0.7415 0.6749 0.7113 0.7073 0.0000 0.7774 0.6412 0.7744 0.6539 0.6304 0.5942 0.6496 0.6899 0.7330 0.5566 0.6099 0.6471 0.7842 0.6553 0.7479 0.8003 0.5597 0.7887 0.7744 0.5560
JIWEI_HMONG            0.8210 0.8703 0.7774 0.8408 0.8377 0.7535 0.8495 0.8340 0.8713 0.7939 0.8388 0.8713 0.8368 0.7939 0.7718 0.7819 0.7589 0.7774 0.0000 0.6412 0.8555 0.8148 0.7988 0.8368 0.7840 0.8007 0.8458 0.7479 0.8210 0.8122 0.8458 0.7774 0.1460 0.4128 0.7217 0.8757 0.8084 0.7623
LAYIPING_HMONG         0.7842 0.7845 0.7000 0.7615 0.7799 0.5560 0.7677 0.7298 0.8042 0.7691 0.7819 0.7869 0.7362 0.6914 0.6373 0.7193 0.7149 0.6412 0.6412 0.0000 0.8021 0.7142 0.6929 0.6810 0.6553 0.6784 0.7770 0.5118 0.7149 0.7156 0.7596 0.6412 0.6043 0.6420 0.5134 0.7982 0.7663 0.6081
LIANHUA_SHE            0.7893 0.8089 0.4300 0.8444 0.7988 0.7845 0.8388 0.7506 0.7540 0.7737 0.1824 0.7737 0.7917 0.8110 0.7875 0.7975 0.6956 0.7744 0.8555 0.8021 0.0000 0.6768 0.6309 0.8084 0.7819 0.8003 0.2746 0.8103 0.7350 0.7765 0.8340 0.7917 0.8417 0.8340 0.7869 0.8210 0.6623 0.7951
LIUXIANG_BUNU          0.7533 0.7330 0.5537 0.7326 0.6466 0.6784 0.7840 0.6824 0.7535 0.7865 0.6724 0.7702 0.6539 0.7362 0.6520 0.7422 0.7037 0.6539 0.8148 0.7142 0.6768 0.0000 0.3582 0.7238 0.7004 0.6527 0.6356 0.7268 0.6304 0.6659 0.7282 0.6351 0.7881 0.8368 0.7175 0.7819 0.7506 0.6851
LONGHUA_BUNU_2         0.7506 0.7298 0.5015 0.7455 0.6593 0.6744 0.7506 0.6404 0.7330 0.7842 0.6255 0.7677 0.6682 0.7330 0.6679 0.7217 0.6824 0.6304 0.7988 0.6929 0.6309 0.3582 0.0000 0.6496 0.6799 0.6836 0.5884 0.6899 0.6255 0.6614 0.7422 0.6496 0.7712 0.8210 0.6784 0.7640 0.7477 0.6412
NUMAO_BUNU             0.7073 0.7383 0.7451 0.7689 0.6475 0.6614 0.7908 0.7217 0.7415 0.8103 0.8063 0.7939 0.7451 0.7939 0.7156 0.7113 0.7908 0.5942 0.8368 0.6810 0.8084 0.7238 0.6496 0.0000 0.6682 0.7238 0.7842 0.6404 0.7073 0.7264 0.7842 0.6744 0.8097 0.8458 0.6043 0.7562 0.8555 0.5560
PA_HNG                 0.8115 0.7298 0.6862 0.7455 0.7645 0.6153 0.7175 0.6966 0.7842 0.6768 0.7623 0.7506 0.7372 0.7330 0.7447 0.7392 0.6640 0.6496 0.7840 0.6553 0.7819 0.7004 0.6799 0.6682 0.0000 0.7004 0.7422 0.6351 0.6451 0.7362 0.7589 0.6862 0.7712 0.7908 0.6597 0.7797 0.7651 0.6810
PHETCHABUN_HMONG       0.7372 0.8003 0.6899 0.7004 0.7245 0.3789 0.7372 0.7002 0.7702 0.7702 0.7819 0.7865 0.7071 0.4511 0.5386 0.7751 0.7840 0.6899 0.8007 0.6784 0.8003 0.6527 0.6836 0.7238 0.7004 0.0000 0.7615 0.5599 0.6682 0.4047 0.7451 0.1597 0.7734 0.8507 0.6255 0.8115 0.8159 0.5597
SHE_CHINA              0.7651 0.7998 0.3830 0.8061 0.7631 0.7415 0.7982 0.7075 0.7474 0.8021 0.3351 0.7845 0.7330 0.8356 0.7407 0.7537 0.6724 0.7330 0.8458 0.7770 0.2746 0.6356 0.5884 0.7842 0.7422 0.7615 0.0000 0.7702 0.6922 0.7506 0.7917 0.7506 0.8326 0.8245 0.7447 0.7961 0.6824 0.7506
SHIMENKAN_HMONG        0.7774 0.8103 0.6966 0.7400 0.7160 0.4330 0.7282 0.6702 0.8122 0.7795 0.7917 0.8122 0.7479 0.5800 0.6367 0.7330 0.7282 0.5566 0.7479 0.5118 0.8103 0.7268 0.6899 0.6404 0.6351 0.5599 0.7702 0.0000 0.6553 0.6091 0.7535 0.5338 0.7175 0.7702 0.4947 0.8061 0.7596 0.5134
SHUANGLONG_MIEN        0.8042 0.6749 0.5662 0.6640 0.7256 0.6361 0.6460 0.5529 0.5413 0.7193 0.7118 0.6141 0.5194 0.7744 0.7506 0.7447 0.7392 0.6099 0.8210 0.7149 0.7350 0.6304 0.6255 0.7073 0.6451 0.6682 0.6922 0.6553 0.0000 0.6199 0.6520 0.6306 0.8080 0.8295 0.6412 0.7535 0.7718 0.6420
SUYONG_HMONG           0.7770 0.7951 0.6881 0.7865 0.7428 0.3875 0.8103 0.6997 0.7205 0.7792 0.7540 0.7975 0.7264 0.5553 0.5669 0.7474 0.7596 0.6471 0.8122 0.7156 0.7765 0.6659 0.6614 0.7264 0.7362 0.4047 0.7506 0.6091 0.6199 0.0000 0.7691 0.2919 0.7819 0.8372 0.6367 0.8555 0.7951 0.5362
TAIPAN_MIEN            0.8731 0.5887 0.7506 0.2595 0.8060 0.7939 0.4316 0.5800 0.7078 0.8021 0.8152 0.5954 0.4415 0.8356 0.7975 0.7893 0.7982 0.7842 0.8458 0.7596 0.8340 0.7282 0.7422 0.7842 0.7589 0.7451 0.7917 0.7535 0.6520 0.7691 0.0000 0.7506 0.8326 0.8402 0.7075 0.5311 0.8172 0.7118
TAK_HMONG              0.7073 0.8084 0.6744 0.7207 0.7131 0.2994 0.7422 0.6851 0.7596 0.7596 0.7718 0.7939 0.6929 0.4404 0.4496 0.7298 0.7589 0.6553 0.7774 0.6412 0.7917 0.6351 0.6496 0.6744 0.6862 0.1597 0.7506 0.5338 0.6306 0.2919 0.7506 0.0000 0.7479 0.8310 0.5824 0.8193 0.8084 0.4783
WESTERN_XIANGXI_HMONG  0.8080 0.8567 0.7640 0.8420 0.8139 0.7217 0.8507 0.8061 0.8578 0.7961 0.8245 0.8578 0.8382 0.7623 0.7567 0.7506 0.7451 0.7479 0.1460 0.6043 0.8417 0.7881 0.7712 0.8097 0.7712 0.7734 0.8326 0.7175 0.8080 0.7819 0.8326 0.7479 0.0000 0.4231 0.6890 0.8765 0.7939 0.7298
XIANGXI_HMONG          0.7982 0.8172 0.8159 0.8495 0.8327 0.7939 0.8444 0.8279 0.8517 0.8191 0.8323 0.8517 0.8159 0.8191 0.7975 0.7537 0.7477 0.8003 0.4128 0.6420 0.8340 0.8368 0.8210 0.8458 0.7908 0.8507 0.8245 0.7702 0.8295 0.8372 0.8402 0.8310 0.4231 0.0000 0.7795 0.8431 0.7998 0.8042
YANGHAO_HMONG          0.7362 0.7691 0.6460 0.7142 0.7381 0.5630 0.7000 0.6361 0.7537 0.7718 0.7663 0.7350 0.6851 0.7537 0.6869 0.5971 0.7535 0.5597 0.7217 0.5134 0.7869 0.7175 0.6784 0.6043 0.6597 0.6255 0.7447 0.4947 0.6412 0.6367 0.7075 0.5824 0.6890 0.7795 0.0000 0.7677 0.8042 0.3671
YAO                    0.8176 0.5519 0.7887 0.4344 0.7819 0.8141 0.3638 0.6361 0.6956 0.8388 0.8191 0.6312 0.6255 0.8542 0.7845 0.7939 0.8176 0.7887 0.8757 0.7982 0.8210 0.7819 0.7640 0.7562 0.7797 0.8115 0.7961 0.8061 0.7535 0.8555 0.5311 0.8193 0.8765 0.8431 0.7677 0.0000 0.8683 0.7567
YOUNUO_BUNU            0.8228 0.8614 0.7193 0.8444 0.7988 0.7845 0.8542 0.8042 0.8288 0.7540 0.6568 0.8460 0.8245 0.8288 0.8066 0.8152 0.3875 0.7744 0.8084 0.7663 0.6623 0.7506 0.7477 0.8555 0.7651 0.8159 0.6824 0.7596 0.7718 0.7951 0.8172 0.8084 0.7939 0.7998 0.8042 0.8683 0.0000 0.7951
ZHENFENG_HMONG         0.7037 0.7765 0.6471 0.7000 0.6761 0.5335 0.7037 0.6584 0.7603 0.7603 0.7737 0.7603 0.6679 0.6776 0.6193 0.5954 0.7229 0.5560 0.7623 0.6081 0.7951 0.6851 0.6412 0.5560 0.6810 0.5597 0.7506 0.5134 0.6420 0.5362 0.7118 0.4783 0.7298 0.8042 0.3671 0.7567 0.7951 0.0000
