 34
AKAHA          0.0000 0.4688 0.4059 0.4077 0.3390 0.5328 0.3390 0.7583 0.3616 0.4340 0.4606 0.3978 0.4340 0.4521 0.5234 0.3999 0.4340 0.4324 0.4947 0.5166 0.4688 0.4159 0.4932 0.2501 0.3463 0.4340 0.4776 0.3978 0.5425 0.4159 0.4159 0.4776 0.4432 0.4432
AKITA          0.4688 0.0000 0.4255 0.4767 0.4173 0.3723 0.3900 0.7945 0.4353 0.3978 0.4265 0.4688 0.3978 0.4932 0.5363 0.4682 0.3978 0.3931 0.4347 0.5318 0.4353 0.4347 0.4843 0.4682 0.4255 0.4776 0.4435 0.4688 0.5318 0.4347 0.3506 0.3014 0.4606 0.3797
APOI           0.4059 0.4255 0.0000 0.3579 0.2103 0.4947 0.2103 0.7875 0.2055 0.2153 0.2948 0.3145 0.3215 0.4059 0.5096 0.4077 0.2877 0.4110 0.3655 0.5535 0.3078 0.3655 0.3690 0.3797 0.4428 0.4428 0.2466 0.3767 0.5535 0.3341 0.1937 0.4340 0.3014 0.2671
AROGBO         0.4077 0.4767 0.3579 0.0000 0.2885 0.5393 0.3797 0.7928 0.3137 0.4159 0.4435 0.2555 0.4159 0.2555 0.5726 0.3546 0.3875 0.4709 0.4776 0.5971 0.4521 0.3978 0.4521 0.4094 0.4432 0.3875 0.4347 0.3202 0.5971 0.3978 0.3978 0.4606 0.3978 0.4255
BASAN          0.3390 0.4173 0.2103 0.2885 0.0000 0.4855 0.2411 0.7911 0.1644 0.2813 0.3797 0.3078 0.3463 0.3078 0.5456 0.3137 0.3463 0.4018 0.4159 0.5911 0.3616 0.4159 0.4435 0.3999 0.4059 0.4059 0.3390 0.3078 0.5911 0.3875 0.2612 0.4255 0.2948 0.3579
BISENI         0.5328 0.3723 0.4947 0.5393 0.4855 0.0000 0.4855 0.8082 0.5005 0.4694 0.4932 0.5096 0.4694 0.5328 0.5517 0.5076 0.4432 0.4709 0.4776 0.5496 0.5005 0.4521 0.5234 0.5300 0.5190 0.5190 0.4855 0.5096 0.5496 0.4776 0.4521 0.4347 0.5260 0.4255
BUMO           0.3390 0.3900 0.2103 0.3797 0.2411 0.4855 0.0000 0.7750 0.1262 0.2103 0.2885 0.3690 0.2813 0.4521 0.5456 0.3999 0.3145 0.3699 0.3270 0.5911 0.2693 0.3270 0.3900 0.3723 0.4059 0.3767 0.2752 0.4255 0.5911 0.3579 0.2260 0.3690 0.2948 0.2948
DEFAKA         0.7583 0.7945 0.7875 0.7928 0.7911 0.8082 0.7750 0.0000 0.7945 0.7875 0.7770 0.7911 0.7707 0.7911 0.7962 0.7808 0.7875 0.7750 0.7893 0.7750 0.7789 0.7893 0.7789 0.7650 0.6979 0.7875 0.7911 0.7750 0.7750 0.7893 0.7893 0.8067 0.7729 0.7893
EAST_OLODIAMA  0.3616 0.4353 0.2055 0.3137 0.1644 0.5005 0.1262 0.7945 0.0000 0.2055 0.3137 0.3321 0.3078 0.3900 0.5575 0.3368 0.3078 0.4232 0.3506 0.6027 0.2952 0.3797 0.4353 0.3923 0.4255 0.3690 0.2693 0.3616 0.6027 0.4077 0.2210 0.4173 0.2885 0.3202
EAST_TARAKIRI  0.4340 0.3978 0.2153 0.4159 0.2813 0.4694 0.2103 0.7875 0.2055 0.0000 0.2612 0.4059 0.2523 0.4340 0.5552 0.4347 0.1764 0.3785 0.2671 0.5786 0.2752 0.2671 0.3978 0.4606 0.4144 0.4144 0.1323 0.4609 0.5786 0.3341 0.1937 0.3767 0.2671 0.1937
EKPETIAMA      0.4606 0.4265 0.2948 0.4435 0.3797 0.4932 0.2885 0.7770 0.3137 0.2612 0.0000 0.4347 0.1892 0.4606 0.5517 0.4353 0.2260 0.3817 0.2752 0.5738 0.1051 0.3078 0.3436 0.4603 0.4159 0.3875 0.2555 0.4347 0.5738 0.3078 0.3078 0.4347 0.3078 0.2055
FURUPAGHA      0.3978 0.4688 0.3145 0.2555 0.3078 0.5096 0.3690 0.7911 0.3321 0.4059 0.4347 0.0000 0.4059 0.2752 0.5456 0.3723 0.3767 0.4617 0.4432 0.5673 0.4435 0.3579 0.4173 0.3999 0.4340 0.4059 0.4255 0.3078 0.5673 0.3875 0.3875 0.4521 0.3875 0.4159
GBARAIN        0.4340 0.3978 0.3215 0.4159 0.3463 0.4694 0.2813 0.7707 0.3078 0.2523 0.1892 0.4059 0.0000 0.4059 0.5328 0.3797 0.2877 0.3444 0.2671 0.5535 0.2752 0.2671 0.3390 0.4606 0.3847 0.3538 0.3145 0.4059 0.5535 0.3341 0.3341 0.4059 0.2671 0.2671
GBARANMATU     0.4521 0.4932 0.4059 0.2555 0.3078 0.5328 0.4521 0.7911 0.3900 0.4340 0.4606 0.2752 0.4059 0.0000 0.5670 0.3723 0.4059 0.4897 0.4694 0.5911 0.4688 0.3875 0.4688 0.4521 0.4609 0.3145 0.4255 0.2752 0.5911 0.3579 0.4159 0.4776 0.3875 0.4159
IBANI          0.5234 0.5363 0.5096 0.5726 0.5456 0.5517 0.5456 0.7962 0.5575 0.5552 0.5517 0.5456 0.5328 0.5670 0.0000 0.5425 0.5328 0.5141 0.5612 0.5141 0.5780 0.5393 0.5780 0.4758 0.5096 0.5552 0.5456 0.5234 0.4040 0.5393 0.5166 0.5670 0.5612 0.5393
IDUWINI        0.3999 0.4682 0.4077 0.3546 0.3137 0.5076 0.3999 0.7808 0.3368 0.4347 0.4353 0.3723 0.3797 0.3723 0.5425 0.0000 0.4347 0.4882 0.4688 0.5860 0.4682 0.4435 0.4682 0.4274 0.4347 0.2885 0.4767 0.1808 0.5860 0.4435 0.4435 0.5005 0.3900 0.4688
IKIBIRI        0.4340 0.3978 0.2877 0.3875 0.3463 0.4432 0.3145 0.7875 0.3078 0.1764 0.2260 0.3767 0.2877 0.4059 0.5328 0.4347 0.0000 0.3785 0.3341 0.5535 0.2752 0.2671 0.3690 0.4347 0.4144 0.3538 0.1722 0.4340 0.5535 0.2313 0.2671 0.4059 0.3341 0.1937
IZON           0.4324 0.3931 0.4110 0.4709 0.4018 0.4709 0.3699 0.7750 0.4232 0.3785 0.3817 0.4617 0.3444 0.4897 0.5141 0.4882 0.3785 0.0000 0.4219 0.5046 0.3931 0.4219 0.4232 0.4882 0.4110 0.4717 0.4324 0.4897 0.4410 0.3904 0.4219 0.4018 0.4219 0.3904
KABOU          0.4947 0.4347 0.3655 0.4776 0.4159 0.4776 0.3270 0.7893 0.3506 0.2671 0.2752 0.4432 0.2671 0.4694 0.5612 0.4688 0.3341 0.4219 0.0000 0.5850 0.2885 0.2103 0.4077 0.5166 0.4521 0.4521 0.2948 0.4432 0.5850 0.4059 0.3463 0.4432 0.3463 0.2813
KALABARI       0.5166 0.5318 0.5535 0.5971 0.5911 0.5496 0.5911 0.7750 0.6027 0.5786 0.5738 0.5673 0.5535 0.5911 0.5141 0.5860 0.5535 0.5046 0.5850 0.0000 0.6027 0.5605 0.5800 0.5141 0.5274 0.5786 0.5911 0.5673 0.3331 0.5605 0.5605 0.5673 0.5850 0.5605
KOLOKUMA       0.4688 0.4353 0.3078 0.4521 0.3616 0.5005 0.2693 0.7789 0.2952 0.2752 0.1051 0.4435 0.2752 0.4688 0.5780 0.4682 0.2752 0.3931 0.2885 0.6027 0.0000 0.3506 0.3825 0.4682 0.4521 0.4255 0.2359 0.4435 0.6027 0.3506 0.2885 0.4435 0.3202 0.2555
KUNBO          0.4159 0.4347 0.3655 0.3978 0.4159 0.4521 0.3270 0.7893 0.3797 0.2671 0.3078 0.3579 0.2671 0.3875 0.5393 0.4435 0.2671 0.4219 0.2103 0.5605 0.3506 0.0000 0.3202 0.4435 0.4244 0.3955 0.2948 0.4159 0.5605 0.2466 0.3463 0.4432 0.4059 0.2466
MEIN           0.4932 0.4843 0.3690 0.4521 0.4435 0.5234 0.3900 0.7789 0.4353 0.3978 0.3436 0.4173 0.3390 0.4688 0.5780 0.4682 0.3690 0.4232 0.4077 0.5800 0.3825 0.3202 0.0000 0.5144 0.4776 0.4521 0.3900 0.4435 0.6027 0.2885 0.4347 0.4932 0.3797 0.3506
NEMBE          0.2501 0.4682 0.3797 0.4094 0.3999 0.5300 0.3723 0.7650 0.3923 0.4606 0.4603 0.3999 0.4606 0.4521 0.4758 0.4274 0.4347 0.4882 0.5166 0.5141 0.4682 0.4435 0.5144 0.0000 0.3797 0.4347 0.4767 0.3999 0.5390 0.4173 0.3900 0.4767 0.4688 0.4435
NKORO          0.3463 0.4255 0.4428 0.4432 0.4059 0.5190 0.4059 0.6979 0.4255 0.4144 0.4159 0.4340 0.3847 0.4609 0.5096 0.4347 0.4144 0.4110 0.4521 0.5274 0.4521 0.4244 0.4776 0.3797 0.0000 0.4701 0.4609 0.4340 0.5274 0.4244 0.4521 0.4340 0.4244 0.4244
OGBE_IJO       0.4340 0.4776 0.4428 0.3875 0.4059 0.5190 0.3767 0.7875 0.3690 0.4144 0.3875 0.4059 0.3538 0.3145 0.5552 0.2885 0.3538 0.4717 0.4521 0.5786 0.4255 0.3955 0.4521 0.4347 0.4701 0.0000 0.4059 0.3145 0.5786 0.2671 0.4244 0.4609 0.3655 0.3955
OGBOIN         0.4776 0.4435 0.2466 0.4347 0.3390 0.4855 0.2752 0.7911 0.2693 0.1323 0.2555 0.4255 0.3145 0.4255 0.5456 0.4767 0.1722 0.4324 0.2948 0.5911 0.2359 0.2948 0.3900 0.4767 0.4609 0.4059 0.0000 0.4776 0.5911 0.2948 0.2260 0.4521 0.2948 0.1507
OGULAGHA       0.3978 0.4688 0.3767 0.3202 0.3078 0.5096 0.4255 0.7750 0.3616 0.4609 0.4347 0.3078 0.4059 0.2752 0.5234 0.1808 0.4340 0.4897 0.4432 0.5673 0.4435 0.4159 0.4435 0.3999 0.4340 0.3145 0.4776 0.0000 0.5673 0.4159 0.4159 0.5023 0.3875 0.4432
OKRIKA         0.5425 0.5318 0.5535 0.5971 0.5911 0.5496 0.5911 0.7750 0.6027 0.5786 0.5738 0.5673 0.5535 0.5911 0.4040 0.5860 0.5535 0.4410 0.5850 0.3331 0.6027 0.5605 0.6027 0.5390 0.5274 0.5786 0.5911 0.5673 0.0000 0.5605 0.5605 0.5673 0.5850 0.5605
OPEREMO        0.4159 0.4347 0.3341 0.3978 0.3875 0.4776 0.3579 0.7893 0.4077 0.3341 0.3078 0.3875 0.3341 0.3579 0.5393 0.4435 0.2313 0.3904 0.4059 0.5605 0.3506 0.2466 0.2885 0.4173 0.4244 0.2671 0.2948 0.4159 0.5605 0.0000 0.3767 0.4159 0.3463 0.2466
OPOROMO        0.4159 0.3506 0.1937 0.3978 0.2612 0.4521 0.2260 0.7893 0.2210 0.1937 0.3078 0.3875 0.3341 0.4159 0.5166 0.4435 0.2671 0.4219 0.3463 0.5605 0.2885 0.3463 0.4347 0.3900 0.4521 0.4244 0.2260 0.4159 0.5605 0.3767 0.0000 0.3875 0.3767 0.2466
ORUMA          0.4776 0.3014 0.4340 0.4606 0.4255 0.4347 0.3690 0.8067 0.4173 0.3767 0.4347 0.4521 0.4059 0.4776 0.5670 0.5005 0.4059 0.4018 0.4432 0.5673 0.4435 0.4432 0.4932 0.4767 0.4340 0.4609 0.4521 0.5023 0.5673 0.4159 0.3875 0.0000 0.4432 0.4159
OYAKIRI        0.4432 0.4606 0.3014 0.3978 0.2948 0.5260 0.2948 0.7729 0.2885 0.2671 0.3078 0.3875 0.2671 0.3875 0.5612 0.3900 0.3341 0.4219 0.3463 0.5850 0.3202 0.4059 0.3797 0.4688 0.4244 0.3655 0.2948 0.3875 0.5850 0.3463 0.3767 0.4432 0.0000 0.3145
WEST_TARAKIRI  0.4432 0.3797 0.2671 0.4255 0.3579 0.4255 0.2948 0.7893 0.3202 0.1937 0.2055 0.4159 0.2671 0.4159 0.5393 0.4688 0.1937 0.3904 0.2813 0.5605 0.2555 0.2466 0.3506 0.4435 0.4244 0.3955 0.1507 0.4432 0.5605 0.2466 0.2466 0.4159 0.3145 0.0000
