 23
ATITLAN_MIXE          0.0000 0.6632 0.4375 0.5332 0.1422 0.2185 0.1064 0.2554 0.2526 0.6212 0.1247 0.5909 0.2332 0.3166 0.2911 0.3681 0.5803 0.2332 0.7237 0.5909 0.2332 0.5811 0.5912
AYAPANECO             0.6632 0.0000 0.7767 0.4966 0.6669 0.7124 0.6595 0.7273 0.7124 0.5229 0.6632 0.5364 0.6984 0.6595 0.6501 0.6488 0.4470 0.6811 0.7682 0.5132 0.6632 0.4801 0.5606
AYUTLA_MIXE           0.4375 0.7767 0.0000 0.6936 0.4743 0.5108 0.4842 0.4782 0.4842 0.7576 0.4926 0.7449 0.4926 0.5609 0.5636 0.5501 0.7398 0.4375 0.7879 0.7090 0.4926 0.7327 0.7379
CHIAPAS_ZOQUE         0.5332 0.4966 0.6936 0.0000 0.5175 0.5703 0.5039 0.5960 0.5703 0.4112 0.5332 0.3466 0.5758 0.5039 0.5735 0.4949 0.4112 0.5332 0.6888 0.4031 0.5332 0.2473 0.3610
COTZOCON_MIXE         0.1422 0.6669 0.4743 0.5175 0.0000 0.1625 0.0851 0.2341 0.2663 0.6258 0.1039 0.5758 0.2794 0.3284 0.2703 0.3506 0.5857 0.2138 0.7263 0.5960 0.2794 0.5662 0.5767
GUICHICOVI_MIXE       0.2185 0.7124 0.5108 0.5703 0.1625 0.0000 0.2032 0.2767 0.3043 0.6364 0.2185 0.6258 0.3466 0.4207 0.3454 0.4385 0.6165 0.2526 0.7209 0.6632 0.3466 0.6155 0.6243
JALTEPEC_MIXE         0.1064 0.6595 0.4842 0.5039 0.0851 0.2032 0.0000 0.2011 0.2721 0.6165 0.0654 0.5646 0.2853 0.3352 0.2011 0.3856 0.5747 0.2185 0.7209 0.6061 0.2526 0.5549 0.5662
JUQUILA_MIXE          0.2554 0.7273 0.4782 0.5960 0.2341 0.2767 0.2011 0.0000 0.3454 0.6664 0.2180 0.6339 0.3576 0.4081 0.3209 0.4561 0.6456 0.2911 0.7727 0.6339 0.3887 0.6226 0.6319
LOWLAND_MIXE          0.2526 0.7124 0.4842 0.5703 0.2663 0.3043 0.2721 0.3454 0.0000 0.6556 0.2853 0.6258 0.2853 0.3933 0.4375 0.3576 0.6165 0.3166 0.7379 0.6258 0.3755 0.6155 0.6243
MARIA_CHIMALAPA       0.6212 0.5229 0.7576 0.4112 0.6258 0.6364 0.6165 0.6664 0.6556 0.0000 0.6212 0.3109 0.6595 0.6165 0.6664 0.6258 0.3804 0.6407 0.7327 0.4557 0.6212 0.3649 0.4876
MATAMOROS_MIXE        0.1247 0.6632 0.4926 0.5332 0.1039 0.2185 0.0654 0.2180 0.2853 0.6212 0.0000 0.5703 0.2980 0.3755 0.2180 0.3954 0.5803 0.2332 0.7403 0.6109 0.2663 0.5606 0.5715
MIGUEL_CHIMALAPA      0.5909 0.5364 0.7449 0.3466 0.5758 0.6258 0.5646 0.6339 0.6258 0.3109 0.5703 0.0000 0.6302 0.5857 0.6125 0.5758 0.4291 0.5909 0.7034 0.4966 0.5909 0.3284 0.4304
NORTH_HIGHLAND_MIXE   0.2332 0.6984 0.4926 0.5758 0.2794 0.3466 0.2853 0.3576 0.2853 0.6595 0.2980 0.6302 0.0000 0.3755 0.4470 0.3954 0.6212 0.2663 0.7237 0.6109 0.2663 0.6200 0.6286
OLUTA_POPOLUCA        0.3166 0.6595 0.5609 0.5039 0.3284 0.4207 0.3352 0.4081 0.3933 0.6165 0.3755 0.5857 0.3755 0.0000 0.4926 0.3856 0.5747 0.4031 0.6854 0.5427 0.3466 0.5549 0.5662
PUXMECATAN_MIXE       0.2911 0.6501 0.5636 0.5735 0.2703 0.3454 0.2011 0.3209 0.4375 0.6664 0.2180 0.6125 0.4470 0.4926 0.0000 0.5083 0.6241 0.3576 0.7727 0.6545 0.4184 0.6014 0.6116
SAYULA_POPOLUCA       0.3681 0.6488 0.5501 0.4949 0.3506 0.4385 0.3856 0.4561 0.3576 0.6258 0.3954 0.5758 0.3954 0.3856 0.5083 0.0000 0.5857 0.3954 0.7095 0.5332 0.4217 0.5662 0.6146
SOTEAPAN_ZOQUE        0.5803 0.4470 0.7398 0.4112 0.5857 0.6165 0.5747 0.6456 0.6165 0.3804 0.5803 0.4291 0.6212 0.5747 0.6241 0.5857 0.0000 0.6011 0.6970 0.3424 0.5587 0.3933 0.4635
SOUTH_HIGHLAND_MIXE   0.2332 0.6811 0.4375 0.5332 0.2138 0.2526 0.2185 0.2911 0.3166 0.6407 0.2332 0.5909 0.2663 0.4031 0.3576 0.3954 0.6011 0.0000 0.7237 0.6302 0.2663 0.5811 0.5912
TAPACHULTEC           0.7237 0.7682 0.7879 0.6888 0.7263 0.7209 0.7209 0.7727 0.7379 0.7327 0.7403 0.7034 0.7237 0.6854 0.7727 0.7095 0.6970 0.7237 0.0000 0.7379 0.7065 0.7263 0.7314
TEXISTEPEC_ZOQUE      0.5909 0.5132 0.7090 0.4031 0.5960 0.6632 0.6061 0.6339 0.6258 0.4557 0.6109 0.4966 0.6109 0.5427 0.6545 0.5332 0.3424 0.6302 0.7379 0.0000 0.5909 0.4385 0.5240
ULTERIOR_MIXE_C       0.2332 0.6632 0.4926 0.5332 0.2794 0.3466 0.2526 0.3887 0.3755 0.6212 0.2663 0.5909 0.2663 0.3466 0.4184 0.4217 0.5587 0.2663 0.7065 0.5909 0.0000 0.5811 0.5912
ZOQUE_FRANCISCO_LEON  0.5811 0.4801 0.7327 0.2473 0.5662 0.6155 0.5549 0.6226 0.6155 0.3649 0.5606 0.3284 0.6200 0.5549 0.6014 0.5662 0.3933 0.5811 0.7263 0.4385 0.5811 0.0000 0.3155
ZOQUE_RAYON           0.5912 0.5606 0.7379 0.3610 0.5767 0.6243 0.5662 0.6319 0.6243 0.4876 0.5715 0.4304 0.6286 0.5662 0.6116 0.6146 0.4635 0.5912 0.7314 0.5240 0.5912 0.3155 0.0000
