 9
BIRKED             0.0000 0.9409 0.9142 0.9432 0.8912 0.8659 0.9211 0.8659 0.8963
DILLING            0.9409 0.0000 0.7616 0.8659 0.9105 0.8691 0.8815 0.7810 0.7543
KARKO              0.9142 0.7616 0.0000 0.8912 0.9018 0.8490 0.8892 0.7479 0.7213
MEIDOB_NUBIAN      0.9432 0.8659 0.8912 0.0000 0.9444 0.8611 0.9129 0.8292 0.8736
NOBIIN             0.8912 0.9105 0.9018 0.9444 0.0000 0.7841 0.8079 0.8376 0.8838
NUBIAN_OF_DONGOLA  0.8659 0.8691 0.8490 0.8611 0.7841 0.0000 0.7752 0.7660 0.8126
OLD_NUBIAN         0.9211 0.8815 0.8892 0.9129 0.8079 0.7752 0.0000 0.8351 0.8738
UNCUNWEE           0.8659 0.7810 0.7479 0.8292 0.8376 0.7660 0.8351 0.0000 0.6370
WALI_SUDAN         0.8963 0.7543 0.7213 0.8736 0.8838 0.8126 0.8738 0.6370 0.0000
