 29
BELLA_COOLA             0.0000 0.9098 0.9253 0.9498 0.9245 0.9088 0.9118 0.9628 0.9261 0.8980 0.9628 0.8944 0.9245 0.9503 0.9065 0.9268 0.9137 0.9024 0.8956 0.8992 0.9756 0.9228 0.9088 0.9637 0.9128 0.8956 0.9371 0.9128 0.9077
CHEHALIS_UPPER          0.9098 0.0000 0.8069 0.9228 0.9245 0.7056 0.4939 0.8944 0.8561 0.7372 0.9228 0.6851 0.8369 0.8660 0.7639 0.6687 0.7263 0.7338 0.7483 0.7034 0.8506 0.7814 0.7254 0.8980 0.7587 0.7295 0.8348 0.8254 0.7783
CLALLAM                 0.9253 0.8069 0.0000 0.9245 0.9128 0.5620 0.8429 0.9378 0.9014 0.6885 0.9508 0.6315 0.6429 0.9253 0.6860 0.8467 0.4769 0.4428 0.3799 0.7479 0.8980 0.7519 0.4573 0.9396 0.6735 0.6373 0.8838 0.8595 0.8185
COEUR_DALENE            0.9498 0.9228 0.9245 0.0000 0.8017 0.9077 0.8968 0.7598 0.9118 0.9245 0.7010 0.8931 0.9503 0.7990 0.9424 0.9128 0.9390 0.9276 0.9228 0.9384 0.8160 0.9358 0.9220 0.7699 0.9512 0.8944 0.8160 0.9384 0.9211
COLUMBIA_WENATCHI       0.9245 0.9245 0.9128 0.8017 0.0000 0.8810 0.8992 0.8185 0.9003 0.9128 0.8017 0.8810 0.9118 0.7874 0.9197 0.9402 0.9146 0.9035 0.8968 0.9268 0.8824 0.9371 0.8956 0.8254 0.9268 0.8824 0.8525 0.9003 0.8944
COWICHAN                0.9088 0.7056 0.5620 0.9077 0.8810 0.0000 0.7699 0.9077 0.8838 0.6742 0.9220 0.2577 0.5546 0.8944 0.6915 0.7930 0.5525 0.5433 0.4369 0.6791 0.8796 0.7213 0.4846 0.8968 0.5450 0.3754 0.8487 0.8390 0.7750
COWLITZ                 0.9118 0.4939 0.8429 0.8968 0.8992 0.7699 0.0000 0.8968 0.8595 0.8119 0.9108 0.7519 0.8852 0.8543 0.8293 0.6973 0.8166 0.8058 0.8232 0.7652 0.8543 0.8044 0.8209 0.8865 0.8298 0.7902 0.8232 0.8595 0.8185
KALISPEL_PEND_DOREILLE  0.9628 0.8944 0.9378 0.7598 0.8185 0.9077 0.8968 0.0000 0.9118 0.9245 0.3951 0.8931 0.9237 0.6851 0.9304 0.9261 0.9517 0.9402 0.9365 0.9253 0.7254 0.9493 0.9358 0.4573 0.9512 0.9088 0.7814 0.9253 0.9351
LILLOOET                0.9261 0.8561 0.9014 0.9118 0.9003 0.8838 0.8595 0.9118 0.0000 0.9014 0.8980 0.8543 0.9003 0.8254 0.8844 0.9035 0.8628 0.8659 0.8852 0.8467 0.8095 0.8693 0.8693 0.9014 0.8753 0.8561 0.5762 0.9024 0.8968
LUSHOOTSEED             0.8980 0.7372 0.6885 0.9245 0.9128 0.6742 0.8119 0.9245 0.9014 0.0000 0.9378 0.6742 0.7034 0.9118 0.2874 0.8166 0.7338 0.7056 0.6585 0.7652 0.9118 0.8044 0.7143 0.9396 0.7301 0.6373 0.8980 0.8448 0.7483
MONTANA_SALISH          0.9628 0.9228 0.9508 0.7010 0.8017 0.9220 0.9108 0.3951 0.8980 0.9378 0.0000 0.9077 0.9371 0.5961 0.9424 0.9517 0.9640 0.9525 0.9498 0.9512 0.7254 0.9493 0.9493 0.3989 0.9637 0.9088 0.7814 0.9384 0.9488
MUSQUEAM                0.8944 0.6851 0.6315 0.8931 0.8810 0.2577 0.7519 0.8931 0.8543 0.6742 0.9077 0.0000 0.6027 0.8796 0.6915 0.8095 0.5525 0.5433 0.4659 0.6154 0.8643 0.7010 0.5122 0.8968 0.5199 0.2732 0.8487 0.8543 0.7750
NOOKSACK                0.9245 0.8369 0.6429 0.9503 0.9118 0.5546 0.8852 0.9237 0.9003 0.7034 0.9371 0.6027 0.0000 0.9245 0.7172 0.8738 0.7301 0.6827 0.6315 0.7444 0.9245 0.7844 0.6692 0.9261 0.6482 0.5860 0.9245 0.8723 0.8326
OKANAGAN_COLVILLE       0.9503 0.8660 0.9253 0.7990 0.7874 0.8944 0.8543 0.6851 0.8254 0.9118 0.5961 0.8796 0.9245 0.0000 0.9189 0.9268 0.9268 0.9155 0.9237 0.9390 0.7100 0.9498 0.9088 0.6585 0.9390 0.8810 0.7295 0.8992 0.9220
PUGET_SALISH            0.9065 0.7639 0.6860 0.9424 0.9197 0.6915 0.8293 0.9304 0.8844 0.2874 0.9424 0.6915 0.7172 0.9189 0.0000 0.8192 0.7441 0.7184 0.6774 0.7725 0.9189 0.8082 0.7271 0.9439 0.7244 0.6774 0.9065 0.8584 0.7578
QUINAULT                0.9268 0.6687 0.8467 0.9128 0.9402 0.7930 0.6973 0.9261 0.9035 0.8166 0.9517 0.8095 0.8738 0.9268 0.8192 0.0000 0.8210 0.8105 0.8119 0.7876 0.8723 0.8095 0.8095 0.9408 0.8339 0.8429 0.8723 0.9035 0.8232
SAANICH                 0.9137 0.7263 0.4769 0.9390 0.9146 0.5525 0.8166 0.9517 0.8628 0.7338 0.9640 0.5525 0.7301 0.9268 0.7441 0.8210 0.0000 0.1210 0.3099 0.7015 0.9003 0.7224 0.2963 0.9529 0.6231 0.5830 0.8723 0.8628 0.8069
SALISH_STRAITS          0.9024 0.7338 0.4428 0.9276 0.9035 0.5433 0.8058 0.9402 0.8659 0.7056 0.9525 0.5433 0.6827 0.9155 0.7184 0.8105 0.1210 0.0000 0.3039 0.6915 0.9024 0.7301 0.2905 0.9419 0.6340 0.5736 0.8753 0.8659 0.8119
SAMISH                  0.8956 0.7483 0.3799 0.9228 0.8968 0.4369 0.8232 0.9365 0.8852 0.6585 0.9498 0.4659 0.6315 0.9237 0.6774 0.8119 0.3099 0.3039 0.0000 0.6637 0.9098 0.7056 0.1976 0.9512 0.5525 0.5029 0.8810 0.8708 0.7783
SECHELT                 0.8992 0.7034 0.7479 0.9384 0.9268 0.6791 0.7652 0.9253 0.8467 0.7652 0.9512 0.6154 0.7444 0.9390 0.7725 0.7876 0.7015 0.6915 0.6637 0.0000 0.8561 0.5692 0.6585 0.9402 0.6973 0.6637 0.8708 0.8890 0.8044
SHUSWAP                 0.9756 0.8506 0.8980 0.8160 0.8824 0.8796 0.8543 0.7254 0.8095 0.9118 0.7254 0.8643 0.9245 0.7100 0.9189 0.8723 0.9003 0.9024 0.9098 0.8561 0.0000 0.9228 0.8944 0.7554 0.9390 0.8810 0.6027 0.8992 0.9077
SLIAMMON                0.9228 0.7814 0.7519 0.9358 0.9371 0.7213 0.8044 0.9493 0.8693 0.8044 0.9493 0.7010 0.7844 0.9498 0.8082 0.8095 0.7224 0.7301 0.7056 0.5692 0.9228 0.0000 0.7010 0.9508 0.7554 0.7254 0.9228 0.8980 0.8446
SONGISH                 0.9088 0.7254 0.4573 0.9220 0.8956 0.4846 0.8209 0.9358 0.8693 0.7143 0.9493 0.5122 0.6692 0.9088 0.7271 0.8095 0.2963 0.2905 0.1976 0.6585 0.8944 0.7010 0.0000 0.9378 0.6154 0.5468 0.8643 0.8543 0.8109
SPOKANE                 0.9637 0.8980 0.9396 0.7699 0.8254 0.8968 0.8865 0.4573 0.9014 0.9396 0.3989 0.8968 0.9261 0.6585 0.9439 0.9408 0.9529 0.9419 0.9512 0.9402 0.7554 0.9508 0.9378 0.0000 0.9646 0.8980 0.7902 0.9276 0.9503
SQUAMISH                0.9128 0.7587 0.6735 0.9512 0.9268 0.5450 0.8298 0.9512 0.8753 0.7301 0.9637 0.5199 0.6482 0.9390 0.7244 0.8339 0.6231 0.6340 0.5525 0.6973 0.9390 0.7554 0.6154 0.9646 0.0000 0.5280 0.9261 0.8467 0.7874
STOLO                   0.8956 0.7295 0.6373 0.8944 0.8824 0.3754 0.7902 0.9088 0.8561 0.6373 0.9088 0.2732 0.5860 0.8810 0.6774 0.8429 0.5830 0.5736 0.5029 0.6637 0.8810 0.7254 0.5468 0.8980 0.5280 0.0000 0.8660 0.8561 0.7783
THOMPSON                0.9371 0.8348 0.8838 0.8160 0.8525 0.8487 0.8232 0.7814 0.5762 0.8980 0.7814 0.8487 0.9245 0.7295 0.9065 0.8723 0.8723 0.8753 0.8810 0.8708 0.6027 0.9228 0.8643 0.7902 0.9261 0.8660 0.0000 0.8852 0.8931
TILLAMOOK               0.9128 0.8254 0.8595 0.9384 0.9003 0.8390 0.8595 0.9253 0.9024 0.8448 0.9384 0.8543 0.8723 0.8992 0.8584 0.9035 0.8628 0.8659 0.8708 0.8890 0.8992 0.8980 0.8543 0.9276 0.8467 0.8561 0.8852 0.0000 0.8677
TWANA                   0.9077 0.7783 0.8185 0.9211 0.8944 0.7750 0.8185 0.9351 0.8968 0.7483 0.9488 0.7750 0.8326 0.9220 0.7578 0.8232 0.8069 0.8119 0.7783 0.8044 0.9077 0.8446 0.8109 0.9503 0.7874 0.7783 0.8931 0.8677 0.0000
