 53
ASADLI_KHORASANI         0.0000 0.8645 0.5128 0.4168 0.4955 0.2874 0.6537 0.3594 0.1621 0.5237 0.0973 0.1216 0.2262 0.1702 0.2135 0.1898 0.3806 0.4863 0.4474 0.4005 0.4474 0.3758 0.4404 0.5050 0.2262 0.2609 0.1621 0.4255 0.3741 0.4676 0.5731 0.2810 0.2653 0.0512 0.3172 0.4863 0.4577 0.1702 0.2262 0.5050 0.1853 0.1702 0.4652 0.5305 0.4503 0.5583 0.6440 0.6079 0.5322 0.5505 0.4115 0.4577 0.1898
AYNU                     0.8645 0.0000 0.8904 0.8855 0.8725 0.8662 0.9193 0.8828 0.8529 0.8842 0.8510 0.8662 0.8679 0.8628 0.8628 0.8645 0.8814 0.8916 0.8694 0.8753 0.8694 0.8942 0.8767 0.8855 0.8679 0.8769 0.8694 0.8662 0.8493 0.8880 0.8565 0.8529 0.8679 0.8645 0.8694 0.8868 0.8868 0.8628 0.8679 0.9011 0.8842 0.8628 0.8572 0.8892 0.8780 0.9011 0.8832 0.9452 0.9011 0.9154 0.8767 0.9021 0.8645
AZERBAIJANI              0.5128 0.8904 0.0000 0.2779 0.5275 0.5460 0.6678 0.4951 0.5119 0.5770 0.5290 0.5210 0.4775 0.4489 0.4489 0.5128 0.3696 0.4668 0.4598 0.4695 0.4863 0.3647 0.4781 0.4037 0.5998 0.5659 0.5366 0.4404 0.4701 0.4778 0.5740 0.5119 0.5037 0.5128 0.5605 0.5674 0.5440 0.5558 0.5037 0.5605 0.5290 0.4489 0.5836 0.4067 0.3242 0.6059 0.5520 0.6059 0.6059 0.5037 0.4266 0.5899 0.5128
AZERBAIJANI_NORTH        0.4168 0.8855 0.2779 0.0000 0.4404 0.4577 0.6275 0.3970 0.3890 0.5223 0.4386 0.3970 0.4085 0.3725 0.3383 0.3850 0.2432 0.3890 0.4196 0.3741 0.3573 0.2714 0.3854 0.4196 0.5223 0.5058 0.4196 0.2960 0.3782 0.3501 0.4951 0.4196 0.4676 0.4168 0.4771 0.5128 0.4588 0.4668 0.3771 0.4771 0.4386 0.3725 0.4660 0.3928 0.3670 0.5305 0.5862 0.6264 0.5305 0.5223 0.3242 0.5128 0.3850
BASHKIR                  0.4955 0.8725 0.5275 0.4404 0.0000 0.5558 0.5961 0.4196 0.5210 0.3374 0.5128 0.5043 0.4863 0.4577 0.4577 0.4676 0.4085 0.4764 0.3176 0.2723 0.2483 0.4958 0.4067 0.3814 0.5869 0.5764 0.5210 0.2897 0.3995 0.3741 0.5366 0.5210 0.5384 0.4955 0.5460 0.4221 0.5037 0.5403 0.5128 0.4951 0.5384 0.4577 0.5689 0.3554 0.5866 0.4683 0.6648 0.6589 0.4951 0.4863 0.3782 0.5037 0.4955
CHARAM_SARJAM_KHORASANI  0.2874 0.8662 0.5460 0.4577 0.5558 0.0000 0.6991 0.4367 0.2960 0.6079 0.3172 0.2653 0.2432 0.2316 0.1898 0.3242 0.4255 0.5558 0.5403 0.4951 0.4863 0.3890 0.5037 0.5659 0.3518 0.4229 0.2594 0.4668 0.4948 0.5043 0.5801 0.2210 0.2036 0.2874 0.2594 0.5731 0.5482 0.3806 0.2810 0.5659 0.3172 0.2316 0.4760 0.5869 0.4598 0.5905 0.6655 0.6594 0.5659 0.5836 0.4503 0.5482 0.2488
CHUVASH_2                0.6537 0.9193 0.6678 0.6275 0.5961 0.6991 0.0000 0.5935 0.6883 0.6432 0.6638 0.6793 0.6638 0.6484 0.6697 0.6745 0.6322 0.6708 0.5605 0.5421 0.5836 0.6372 0.6337 0.6275 0.7033 0.7410 0.6883 0.6160 0.5836 0.6383 0.7151 0.7073 0.7033 0.6537 0.7258 0.6535 0.6733 0.6902 0.6638 0.6687 0.6638 0.6484 0.7175 0.6021 0.6579 0.7073 0.7737 0.7073 0.7073 0.7033 0.5927 0.6535 0.6745
CRIMEAN_TATAR            0.3594 0.8828 0.4951 0.3970 0.4196 0.4367 0.5935 0.0000 0.4279 0.4474 0.3850 0.4053 0.3518 0.3095 0.3458 0.4255 0.3594 0.4652 0.2960 0.2837 0.3647 0.3890 0.4221 0.3970 0.4474 0.4863 0.3970 0.3383 0.3554 0.3890 0.5043 0.4279 0.4168 0.3594 0.4577 0.4386 0.4085 0.3806 0.3850 0.4279 0.3850 0.3095 0.5359 0.5128 0.5366 0.5403 0.6484 0.5905 0.5403 0.5583 0.3623 0.4676 0.3594
DARA_GAZ_KHORASANI_1     0.1621 0.8529 0.5119 0.3890 0.5210 0.2960 0.6883 0.4279 0.0000 0.5731 0.1989 0.1389 0.3104 0.2653 0.2262 0.2036 0.3850 0.5161 0.5043 0.4598 0.4489 0.3806 0.4143 0.5305 0.3445 0.2714 0.2161 0.4279 0.4342 0.4683 0.5935 0.2897 0.3104 0.2036 0.3242 0.5384 0.5128 0.2653 0.1989 0.5305 0.2749 0.2653 0.4660 0.5534 0.4244 0.5801 0.6399 0.6037 0.5558 0.5731 0.3554 0.5128 0.1621
DOLGAN                   0.5237 0.8842 0.5770 0.5223 0.3374 0.6079 0.6432 0.4474 0.5731 0.0000 0.5403 0.5583 0.5138 0.4863 0.5149 0.5237 0.4668 0.5066 0.3771 0.3623 0.4676 0.5252 0.4598 0.3771 0.6143 0.6304 0.5731 0.4768 0.4778 0.4005 0.5384 0.5731 0.5905 0.5237 0.5972 0.2161 0.5043 0.5424 0.5659 0.4955 0.5659 0.4863 0.6239 0.4683 0.6330 0.4676 0.6695 0.7059 0.4955 0.5659 0.4598 0.5305 0.5505
DOUGHAI_KHORASANI        0.0973 0.8510 0.5290 0.4386 0.5128 0.3172 0.6638 0.3850 0.1989 0.5403 0.0000 0.1621 0.2594 0.2084 0.2488 0.2262 0.4053 0.5066 0.4676 0.4221 0.4676 0.4017 0.4598 0.5223 0.2960 0.2940 0.1989 0.4474 0.3962 0.4863 0.5869 0.3104 0.2960 0.1423 0.3445 0.5043 0.4771 0.2084 0.2594 0.5223 0.1809 0.2084 0.4863 0.5460 0.4689 0.5731 0.6354 0.6205 0.5482 0.5659 0.4323 0.4771 0.2262
GUJGI_KHORASANI          0.1216 0.8662 0.5210 0.3970 0.5043 0.2653 0.6793 0.4053 0.1389 0.5583 0.1621 0.0000 0.2810 0.2316 0.1898 0.1216 0.3594 0.4966 0.4863 0.4404 0.4279 0.3537 0.4221 0.5138 0.3172 0.2779 0.1809 0.4053 0.4143 0.4489 0.5801 0.2210 0.2810 0.1661 0.2960 0.5223 0.4955 0.2316 0.2432 0.5138 0.2432 0.2316 0.4440 0.5384 0.4323 0.5659 0.6484 0.6143 0.5403 0.5583 0.3928 0.4676 0.1661
HARW_E_OLYA_KHORASANI    0.2262 0.8679 0.4775 0.4085 0.4863 0.2432 0.6638 0.3518 0.3104 0.5138 0.2594 0.2810 0.0000 0.0748 0.1216 0.2653 0.3725 0.4760 0.4676 0.4221 0.4386 0.3316 0.4598 0.4955 0.3647 0.4017 0.2749 0.4168 0.3962 0.4588 0.5631 0.2377 0.2594 0.1853 0.2749 0.5043 0.4771 0.3242 0.2594 0.5223 0.2594 0.0748 0.4553 0.5210 0.4689 0.5731 0.6177 0.6646 0.5731 0.5403 0.4037 0.4489 0.2653
HOKM_ABAD_KHORASANI      0.1702 0.8628 0.4489 0.3725 0.4577 0.2316 0.6484 0.3095 0.2653 0.4863 0.2084 0.2316 0.0748 0.0000 0.0526 0.2135 0.3316 0.4421 0.4367 0.3890 0.4053 0.2847 0.4302 0.4668 0.3242 0.3619 0.2262 0.3806 0.3623 0.4279 0.5403 0.1853 0.2084 0.1702 0.2653 0.4768 0.4474 0.2779 0.2488 0.4958 0.2084 0.0000 0.4200 0.4955 0.4404 0.5505 0.6214 0.6484 0.5505 0.5149 0.3696 0.4168 0.2135
JOGHATAY_KHORASANI       0.2135 0.8628 0.4489 0.3383 0.4577 0.1898 0.6697 0.3458 0.2262 0.5149 0.2488 0.1898 0.1216 0.0526 0.0000 0.1702 0.2940 0.4421 0.4668 0.4196 0.3725 0.2432 0.4005 0.4668 0.3594 0.3619 0.1853 0.3458 0.3928 0.3970 0.5403 0.1423 0.2084 0.2135 0.2262 0.5050 0.4768 0.3167 0.2488 0.4958 0.2488 0.0526 0.3845 0.4955 0.4115 0.5505 0.6214 0.6484 0.5505 0.5149 0.3374 0.4474 0.1702
JONK_KHORASANI           0.1898 0.8645 0.5128 0.3850 0.4676 0.3242 0.6745 0.4255 0.2036 0.5237 0.2262 0.1216 0.2653 0.2135 0.1702 0.0000 0.3458 0.4539 0.4768 0.4302 0.3850 0.3393 0.4115 0.4768 0.3725 0.3010 0.2036 0.3594 0.4037 0.4085 0.5482 0.2432 0.3383 0.2316 0.3518 0.5138 0.4863 0.2940 0.3026 0.5322 0.3026 0.2135 0.3979 0.5043 0.4775 0.5583 0.6614 0.6540 0.5583 0.5237 0.3814 0.4279 0.2316
KARACHAY_BALKAR          0.3806 0.8814 0.3696 0.2432 0.4085 0.4255 0.6322 0.3594 0.3850 0.4668 0.4053 0.3594 0.3725 0.3316 0.2940 0.3458 0.0000 0.3474 0.3850 0.3374 0.3518 0.2188 0.3176 0.3518 0.4958 0.4760 0.3850 0.3242 0.3433 0.3445 0.4955 0.3850 0.4367 0.3806 0.4168 0.4577 0.4279 0.4346 0.4053 0.4768 0.4053 0.3316 0.4652 0.3890 0.4221 0.5050 0.6262 0.5836 0.5050 0.4958 0.2837 0.4577 0.3458
KARAIM                   0.4863 0.8916 0.4668 0.3890 0.4764 0.5558 0.6708 0.4652 0.5161 0.5066 0.5066 0.4966 0.4760 0.4421 0.4421 0.4539 0.3474 0.0000 0.4229 0.4053 0.4863 0.3796 0.5322 0.3537 0.5912 0.4863 0.5161 0.3979 0.4955 0.3806 0.4458 0.5161 0.5359 0.4863 0.5721 0.5530 0.4660 0.4755 0.5359 0.4863 0.5066 0.4421 0.4750 0.4565 0.5138 0.5161 0.6754 0.6484 0.5447 0.5066 0.3850 0.4962 0.4539
KARAKALPAK               0.4474 0.8694 0.4598 0.4196 0.3176 0.5403 0.5605 0.2960 0.5043 0.3771 0.4676 0.4863 0.4676 0.4367 0.4668 0.4768 0.3850 0.4229 0.0000 0.1691 0.2897 0.4458 0.3854 0.2897 0.5482 0.5611 0.5043 0.2960 0.3180 0.3176 0.4951 0.5305 0.5223 0.4474 0.5558 0.3374 0.4302 0.4668 0.4676 0.4489 0.4955 0.4367 0.5252 0.3307 0.5031 0.4771 0.6568 0.6037 0.5043 0.4386 0.3554 0.4863 0.4768
KAZAKH                   0.4005 0.8753 0.4695 0.3741 0.2723 0.4951 0.5421 0.2837 0.4598 0.3623 0.4221 0.4404 0.4221 0.3890 0.4196 0.4302 0.3374 0.4053 0.1691 0.0000 0.2779 0.4279 0.3995 0.2779 0.5037 0.5138 0.4598 0.3176 0.3360 0.2723 0.4778 0.4863 0.4775 0.4005 0.5119 0.3242 0.4143 0.4489 0.4503 0.4037 0.4503 0.3890 0.5583 0.3180 0.5102 0.4323 0.6235 0.5836 0.4598 0.4775 0.3120 0.4421 0.4302
KAZAN_TATAR              0.4474 0.8694 0.4863 0.3573 0.2483 0.4863 0.5836 0.3647 0.4489 0.4676 0.4676 0.4279 0.4386 0.4053 0.3725 0.3850 0.3518 0.4863 0.2897 0.2779 0.0000 0.4139 0.3854 0.3890 0.5223 0.5340 0.4489 0.1389 0.3487 0.3176 0.5210 0.4489 0.4955 0.4474 0.5043 0.4588 0.4588 0.4958 0.4386 0.4771 0.4955 0.4053 0.4346 0.3623 0.5275 0.5305 0.6225 0.6264 0.5305 0.4676 0.3242 0.4863 0.4168
KHALAJ_IRAN              0.3758 0.8942 0.3647 0.2714 0.4958 0.3890 0.6372 0.3890 0.3806 0.5252 0.4017 0.3537 0.3316 0.2847 0.2432 0.3393 0.2188 0.3796 0.4458 0.4279 0.4139 0.0000 0.3771 0.4139 0.4962 0.4755 0.3806 0.3537 0.4302 0.3725 0.5237 0.3095 0.4017 0.3758 0.3806 0.5149 0.4863 0.4323 0.4017 0.5058 0.4017 0.2847 0.4642 0.4474 0.3890 0.5340 0.6114 0.6366 0.5340 0.5530 0.3445 0.4863 0.3393
KUMYK                    0.4404 0.8767 0.4781 0.3854 0.4067 0.5037 0.6337 0.4221 0.4143 0.4598 0.4598 0.4221 0.4598 0.4302 0.4005 0.4115 0.3176 0.5322 0.3854 0.3995 0.3854 0.3771 0.0000 0.4143 0.5366 0.5223 0.4421 0.3928 0.2244 0.3782 0.5349 0.4689 0.5119 0.4404 0.4948 0.4516 0.4516 0.4863 0.4323 0.5198 0.4863 0.4302 0.5659 0.4695 0.4451 0.5198 0.6279 0.6118 0.5198 0.5366 0.3242 0.5031 0.4115
KYRGYZ                   0.5050 0.8855 0.4037 0.4196 0.3814 0.5659 0.6275 0.3970 0.5305 0.3771 0.5223 0.5138 0.4955 0.4668 0.4668 0.4768 0.3518 0.3537 0.2897 0.2779 0.3890 0.4139 0.4143 0.0000 0.5972 0.5611 0.5305 0.3311 0.4067 0.2837 0.4404 0.5305 0.5223 0.5050 0.5801 0.4302 0.4302 0.5237 0.5482 0.4771 0.5482 0.4668 0.5530 0.2977 0.5031 0.4771 0.6225 0.5801 0.5043 0.4386 0.3554 0.4863 0.5050
LANGAR_KHORASANI         0.2262 0.8679 0.5998 0.5223 0.5869 0.3518 0.7033 0.4474 0.3445 0.6143 0.2960 0.3172 0.3647 0.3242 0.3594 0.3725 0.4958 0.5912 0.5482 0.5037 0.5223 0.4962 0.5366 0.5972 0.0000 0.4346 0.3104 0.5322 0.4778 0.5631 0.6322 0.3771 0.3311 0.2262 0.3771 0.5801 0.5558 0.3594 0.3647 0.5972 0.3311 0.3242 0.5447 0.6160 0.5440 0.6205 0.6695 0.6646 0.5972 0.6372 0.5119 0.5558 0.3383
LOTF_ABAD_KHORASANI      0.2609 0.8769 0.5659 0.5058 0.5764 0.4229 0.7410 0.4863 0.2714 0.6304 0.2940 0.2779 0.4017 0.3619 0.3619 0.3010 0.4760 0.4863 0.5611 0.5138 0.5340 0.4755 0.5223 0.5611 0.4346 0.0000 0.3095 0.5161 0.4863 0.5237 0.6484 0.4139 0.4017 0.3010 0.4139 0.5944 0.5149 0.2847 0.2940 0.5058 0.3316 0.3619 0.5587 0.6079 0.5558 0.6124 0.6835 0.6366 0.5872 0.5798 0.4955 0.5424 0.2609
MARESHK_KHORASANI        0.1621 0.8694 0.5366 0.4196 0.5210 0.2594 0.6883 0.3970 0.2161 0.5731 0.1989 0.1809 0.2749 0.2262 0.1853 0.2036 0.3850 0.5161 0.5043 0.4598 0.4489 0.3806 0.4421 0.5305 0.3104 0.3095 0.0000 0.4279 0.4342 0.4683 0.5935 0.2537 0.2749 0.1621 0.2897 0.5384 0.5128 0.3026 0.2377 0.5305 0.1989 0.2262 0.4660 0.5534 0.4516 0.5801 0.6568 0.6264 0.5558 0.5731 0.4143 0.5128 0.1621
MISHER_TATAR             0.4255 0.8662 0.4404 0.2960 0.2897 0.4668 0.6160 0.3383 0.4279 0.4768 0.4474 0.4053 0.4168 0.3806 0.3458 0.3594 0.3242 0.3979 0.2960 0.3176 0.1389 0.3537 0.3928 0.3311 0.5322 0.5161 0.4279 0.0000 0.3554 0.3573 0.4489 0.4279 0.4768 0.4255 0.4863 0.4955 0.4386 0.4458 0.4168 0.4863 0.4768 0.3806 0.3758 0.3374 0.4863 0.5403 0.6309 0.6143 0.5403 0.4768 0.3307 0.4955 0.3932
NOGAI                    0.3741 0.8493 0.4701 0.3782 0.3995 0.4948 0.5836 0.3554 0.4342 0.4778 0.3962 0.4143 0.3962 0.3623 0.3928 0.4037 0.3433 0.4955 0.3180 0.3360 0.3487 0.4302 0.2244 0.4067 0.4778 0.4863 0.4342 0.3554 0.0000 0.3995 0.5025 0.4607 0.4778 0.3741 0.5110 0.4695 0.3602 0.4221 0.3962 0.4863 0.4244 0.3623 0.5305 0.4360 0.4624 0.5349 0.6364 0.6021 0.5349 0.5031 0.3183 0.4436 0.4037
NORTH_ALTAI              0.4676 0.8880 0.4778 0.3501 0.3741 0.5043 0.6383 0.3890 0.4683 0.4005 0.4863 0.4489 0.4588 0.4279 0.3970 0.4085 0.3445 0.3806 0.3176 0.2723 0.3176 0.3725 0.3782 0.2837 0.5631 0.5237 0.4683 0.3573 0.3995 0.0000 0.4598 0.4683 0.5128 0.4676 0.5210 0.3928 0.4221 0.5138 0.4863 0.4115 0.5128 0.4279 0.5149 0.3854 0.5187 0.4115 0.6143 0.6378 0.4404 0.4302 0.2861 0.4503 0.4386
OLD_TURKIC               0.5731 0.8565 0.5740 0.4951 0.5366 0.5801 0.7151 0.5043 0.5935 0.5384 0.5869 0.5801 0.5631 0.5403 0.5403 0.5482 0.4955 0.4458 0.4951 0.4778 0.5210 0.5237 0.5349 0.4404 0.6322 0.6484 0.5935 0.4489 0.5025 0.4598 0.0000 0.5701 0.5869 0.5731 0.6160 0.5534 0.5037 0.5905 0.6099 0.5935 0.6099 0.5403 0.5424 0.5198 0.5647 0.5935 0.6808 0.7368 0.6160 0.6099 0.4607 0.5534 0.5482
PIR_KOMAJ_KHORASANI      0.2810 0.8529 0.5119 0.4196 0.5210 0.2210 0.7073 0.4279 0.2897 0.5731 0.3104 0.2210 0.2377 0.1853 0.1423 0.2432 0.3850 0.5161 0.5305 0.4863 0.4489 0.3095 0.4689 0.5305 0.3771 0.4139 0.2537 0.4279 0.4607 0.4683 0.5701 0.0000 0.2377 0.2810 0.2161 0.5631 0.5384 0.3725 0.3104 0.5558 0.2749 0.1853 0.4660 0.5534 0.4516 0.5801 0.6399 0.6697 0.5558 0.5731 0.4143 0.4863 0.2432
QARA_BAGH_KHORASANI      0.2653 0.8679 0.5037 0.4676 0.5384 0.2036 0.7033 0.4168 0.3104 0.5905 0.2960 0.2810 0.2594 0.2084 0.2084 0.3383 0.4367 0.5359 0.5223 0.4775 0.4955 0.4017 0.5119 0.5223 0.3311 0.4017 0.2749 0.4768 0.4778 0.5128 0.5869 0.2377 0.0000 0.2653 0.2749 0.5558 0.5558 0.3594 0.3311 0.5482 0.2960 0.2084 0.5161 0.5460 0.4689 0.5731 0.6354 0.6429 0.5482 0.5659 0.4598 0.5305 0.2653
QUCHAN_KHORASANI         0.0512 0.8645 0.5128 0.4168 0.4955 0.2874 0.6537 0.3594 0.2036 0.5237 0.1423 0.1661 0.1853 0.1702 0.2135 0.2316 0.3806 0.4863 0.4474 0.4005 0.4474 0.3758 0.4404 0.5050 0.2262 0.3010 0.1621 0.4255 0.3741 0.4676 0.5731 0.2810 0.2653 0.0000 0.2810 0.4863 0.4577 0.2135 0.2262 0.5050 0.1853 0.1702 0.4652 0.5305 0.4503 0.5583 0.6262 0.6079 0.5322 0.5505 0.4115 0.4577 0.1898
RUH_ABAD_KHORASANI       0.3172 0.8694 0.5605 0.4771 0.5460 0.2594 0.7258 0.4577 0.3242 0.5972 0.3445 0.2960 0.2749 0.2653 0.2262 0.3518 0.4168 0.5721 0.5558 0.5119 0.5043 0.3806 0.4948 0.5801 0.3771 0.4139 0.2897 0.4863 0.5110 0.5210 0.6160 0.2161 0.2749 0.2810 0.0000 0.5631 0.5869 0.4053 0.3104 0.5801 0.3104 0.2653 0.5252 0.5998 0.4778 0.5801 0.6568 0.6902 0.5558 0.6205 0.4689 0.5631 0.2810
SAKHA_2                  0.4863 0.8868 0.5674 0.5128 0.4221 0.5731 0.6535 0.4386 0.5384 0.2161 0.5043 0.5223 0.5043 0.4768 0.5050 0.5138 0.4577 0.5530 0.3374 0.3242 0.4588 0.5149 0.4516 0.4302 0.5801 0.5944 0.5384 0.4955 0.4695 0.3928 0.5534 0.5631 0.5558 0.4863 0.5631 0.0000 0.5210 0.5322 0.5305 0.4863 0.5305 0.4768 0.6366 0.4863 0.6021 0.4588 0.6609 0.6947 0.4863 0.5558 0.4516 0.5460 0.5138
SALAR_2                  0.4577 0.8868 0.5440 0.4588 0.5037 0.5482 0.6733 0.4085 0.5128 0.5043 0.4771 0.4955 0.4771 0.4474 0.4768 0.4863 0.4279 0.4660 0.4302 0.4143 0.4588 0.4863 0.4516 0.4302 0.5558 0.5149 0.5128 0.4386 0.3602 0.4221 0.5037 0.5384 0.5558 0.4577 0.5869 0.5210 0.0000 0.4474 0.5043 0.4863 0.5043 0.4474 0.5611 0.5366 0.5804 0.5384 0.6771 0.6099 0.5384 0.5801 0.4244 0.4115 0.4863
SHEYH_TEYMUR_KHORASANI   0.1702 0.8628 0.5558 0.4668 0.5403 0.3806 0.6902 0.3806 0.2653 0.5424 0.2084 0.2316 0.3242 0.2779 0.3167 0.2940 0.4346 0.4755 0.4668 0.4489 0.4958 0.4323 0.4863 0.5237 0.3594 0.2847 0.3026 0.4458 0.4221 0.5138 0.5905 0.3725 0.3594 0.2135 0.4053 0.5322 0.4474 0.0000 0.2874 0.5237 0.2874 0.2779 0.4863 0.5731 0.5210 0.6012 0.6743 0.6252 0.5764 0.5944 0.4588 0.5050 0.2547
SHIRWAN_KHORASANI        0.2262 0.8679 0.5037 0.3771 0.5128 0.2810 0.6638 0.3850 0.1989 0.5659 0.2594 0.2432 0.2594 0.2488 0.2488 0.3026 0.4053 0.5359 0.4676 0.4503 0.4386 0.4017 0.4323 0.5482 0.3647 0.2940 0.2377 0.4168 0.3962 0.4863 0.6099 0.3104 0.3311 0.2262 0.3104 0.5305 0.5043 0.2874 0.0000 0.5482 0.2210 0.2488 0.4863 0.5460 0.4421 0.5972 0.6695 0.6429 0.5731 0.5659 0.4323 0.5043 0.1423
SHOR                     0.5050 0.9011 0.5605 0.4771 0.4951 0.5659 0.6687 0.4279 0.5305 0.4955 0.5223 0.5138 0.5223 0.4958 0.4958 0.5322 0.4768 0.4863 0.4489 0.4037 0.4771 0.5058 0.5198 0.4771 0.5972 0.5058 0.5305 0.4863 0.4863 0.4115 0.5935 0.5558 0.5482 0.5050 0.5801 0.4863 0.4863 0.5237 0.5482 0.0000 0.5482 0.4958 0.6304 0.5534 0.5961 0.4196 0.6733 0.6264 0.4196 0.5972 0.4689 0.5384 0.5050
SHURAK_KHORASANI         0.1853 0.8842 0.5290 0.4386 0.5384 0.3172 0.6638 0.3850 0.2749 0.5659 0.1809 0.2432 0.2594 0.2084 0.2488 0.3026 0.4053 0.5066 0.4955 0.4503 0.4955 0.4017 0.4863 0.5482 0.3311 0.3316 0.1989 0.4768 0.4244 0.5128 0.6099 0.2749 0.2960 0.1853 0.3104 0.5305 0.5043 0.2874 0.2210 0.5482 0.0000 0.2084 0.5161 0.5460 0.4689 0.5972 0.6695 0.6205 0.5731 0.5659 0.4323 0.5043 0.2262
SOLTAN_ABAD_KHORASANI    0.1702 0.8628 0.4489 0.3725 0.4577 0.2316 0.6484 0.3095 0.2653 0.4863 0.2084 0.2316 0.0748 0.0000 0.0526 0.2135 0.3316 0.4421 0.4367 0.3890 0.4053 0.2847 0.4302 0.4668 0.3242 0.3619 0.2262 0.3806 0.3623 0.4279 0.5403 0.1853 0.2084 0.1702 0.2653 0.4768 0.4474 0.2779 0.2488 0.4958 0.2084 0.0000 0.4200 0.4955 0.4404 0.5505 0.6214 0.6484 0.5505 0.5149 0.3696 0.4168 0.2135
SOUTHERN_UZBEK           0.4652 0.8572 0.5836 0.4660 0.5689 0.4760 0.7175 0.5359 0.4660 0.6239 0.4863 0.4440 0.4553 0.4200 0.3845 0.3979 0.4652 0.4750 0.5252 0.5583 0.4346 0.4642 0.5659 0.5530 0.5447 0.5587 0.4660 0.3758 0.5305 0.5149 0.5424 0.4660 0.5161 0.4652 0.5252 0.6366 0.5611 0.4863 0.4863 0.6304 0.5161 0.4200 0.0000 0.5764 0.5482 0.6773 0.7132 0.7619 0.6773 0.5985 0.4863 0.5872 0.4652
TATAR_2                  0.5305 0.8892 0.4067 0.3928 0.3554 0.5869 0.6021 0.5128 0.5534 0.4683 0.5460 0.5384 0.5210 0.4955 0.4955 0.5043 0.3890 0.4565 0.3307 0.3180 0.3623 0.4474 0.4695 0.2977 0.6160 0.6079 0.5534 0.3374 0.4360 0.3854 0.5198 0.5534 0.5460 0.5305 0.5998 0.4863 0.5366 0.5731 0.5460 0.5534 0.5460 0.4955 0.5764 0.0000 0.5025 0.5290 0.6359 0.6432 0.5534 0.4115 0.3890 0.5605 0.5305
TEREKEME_AZERI           0.4503 0.8780 0.3242 0.3670 0.5866 0.4598 0.6579 0.5366 0.4244 0.6330 0.4689 0.4323 0.4689 0.4404 0.4115 0.4775 0.4221 0.5138 0.5031 0.5102 0.5275 0.3890 0.4451 0.5031 0.5440 0.5558 0.4516 0.4863 0.4624 0.5187 0.5647 0.4516 0.4689 0.4503 0.4778 0.6021 0.5804 0.5210 0.4421 0.5961 0.4689 0.4404 0.5482 0.5025 0.0000 0.6175 0.6322 0.6779 0.5961 0.5899 0.4451 0.5581 0.4503
TOFA                     0.5583 0.9011 0.6059 0.5305 0.4683 0.5905 0.7073 0.5403 0.5801 0.4676 0.5731 0.5659 0.5731 0.5505 0.5505 0.5583 0.5050 0.5161 0.4771 0.4323 0.5305 0.5340 0.5198 0.4771 0.6205 0.6124 0.5801 0.5403 0.5349 0.4115 0.5935 0.5801 0.5731 0.5583 0.5801 0.4588 0.5384 0.6012 0.5972 0.4196 0.5972 0.5505 0.6773 0.5290 0.6175 0.0000 0.7051 0.7102 0.0926 0.5972 0.4948 0.5128 0.5583
TURKISH                  0.6440 0.8832 0.5520 0.5862 0.6648 0.6655 0.7737 0.6484 0.6399 0.6695 0.6354 0.6484 0.6177 0.6214 0.6214 0.6614 0.6262 0.6754 0.6568 0.6235 0.6225 0.6114 0.6279 0.6225 0.6695 0.6835 0.6568 0.6309 0.6364 0.6143 0.6808 0.6399 0.6354 0.6262 0.6568 0.6609 0.6771 0.6743 0.6695 0.6733 0.6695 0.6214 0.7132 0.6359 0.6322 0.7051 0.0000 0.7204 0.6894 0.6858 0.5937 0.7084 0.6440
TURKMEN_2                0.6079 0.9452 0.6059 0.6264 0.6589 0.6594 0.7073 0.5905 0.6037 0.7059 0.6205 0.6143 0.6646 0.6484 0.6484 0.6540 0.5836 0.6484 0.6037 0.5836 0.6264 0.6366 0.6118 0.5801 0.6646 0.6366 0.6264 0.6143 0.6021 0.6378 0.7368 0.6697 0.6429 0.6079 0.6902 0.6947 0.6099 0.6252 0.6429 0.6264 0.6205 0.6484 0.7619 0.6432 0.6779 0.7102 0.7204 0.0000 0.6902 0.6205 0.5674 0.6947 0.6079
TUVAN                    0.5322 0.9011 0.6059 0.5305 0.4951 0.5659 0.7073 0.5403 0.5558 0.4955 0.5482 0.5403 0.5731 0.5505 0.5505 0.5583 0.5050 0.5447 0.5043 0.4598 0.5305 0.5340 0.5198 0.5043 0.5972 0.5872 0.5558 0.5403 0.5349 0.4404 0.6160 0.5558 0.5482 0.5322 0.5558 0.4863 0.5384 0.5764 0.5731 0.4196 0.5731 0.5505 0.6773 0.5534 0.5961 0.0926 0.6894 0.6902 0.0000 0.6205 0.5198 0.4863 0.5322
UYGHUR                   0.5505 0.9154 0.5037 0.5223 0.4863 0.5836 0.7033 0.5583 0.5731 0.5659 0.5659 0.5583 0.5403 0.5149 0.5149 0.5237 0.4958 0.5066 0.4386 0.4775 0.4676 0.5530 0.5366 0.4386 0.6372 0.5798 0.5731 0.4768 0.5031 0.4302 0.6099 0.5731 0.5659 0.5505 0.6205 0.5558 0.5801 0.5944 0.5659 0.5972 0.5659 0.5149 0.5985 0.4115 0.5899 0.5972 0.6858 0.6205 0.6205 0.0000 0.4037 0.5801 0.5505
UZBEK                    0.4115 0.8767 0.4266 0.3242 0.3782 0.4503 0.5927 0.3623 0.3554 0.4598 0.4323 0.3928 0.4037 0.3696 0.3374 0.3814 0.2837 0.3850 0.3554 0.3120 0.3242 0.3445 0.3242 0.3554 0.5119 0.4955 0.4143 0.3307 0.3183 0.2861 0.4607 0.4143 0.4598 0.4115 0.4689 0.4516 0.4244 0.4588 0.4323 0.4689 0.4323 0.3696 0.4863 0.3890 0.4451 0.4948 0.5937 0.5674 0.5198 0.4037 0.0000 0.4516 0.3814
WEST_YUGUR               0.4577 0.9021 0.5899 0.5128 0.5037 0.5482 0.6535 0.4676 0.5128 0.5305 0.4771 0.4676 0.4489 0.4168 0.4474 0.4279 0.4577 0.4962 0.4863 0.4421 0.4863 0.4863 0.5031 0.4863 0.5558 0.5424 0.5128 0.4955 0.4436 0.4503 0.5534 0.4863 0.5305 0.4577 0.5631 0.5460 0.4115 0.5050 0.5043 0.5384 0.5043 0.4168 0.5872 0.5605 0.5581 0.5128 0.7084 0.6947 0.4863 0.5801 0.4516 0.0000 0.4863
ZEYARAT_KHORASANI        0.1898 0.8645 0.5128 0.3850 0.4955 0.2488 0.6745 0.3594 0.1621 0.5505 0.2262 0.1661 0.2653 0.2135 0.1702 0.2316 0.3458 0.4539 0.4768 0.4302 0.4168 0.3393 0.4115 0.5050 0.3383 0.2609 0.1621 0.3932 0.4037 0.4386 0.5482 0.2432 0.2653 0.1898 0.2810 0.5138 0.4863 0.2547 0.1423 0.5050 0.2262 0.2135 0.4652 0.5305 0.4503 0.5583 0.6440 0.6079 0.5322 0.5505 0.3814 0.4863 0.0000
