 6
ARIN                    0.0000 0.7338 0.7280 0.6818 0.7471 0.7238
EIGHTEENTH_CENTURY_KET  0.7338 0.0000 0.5573 0.7351 0.5728 0.5460
KET_2                   0.7280 0.5573 0.0000 0.7168 0.4691 0.5274
KOTT                    0.6818 0.7351 0.7168 0.0000 0.7351 0.7261
YUGH                    0.7471 0.5728 0.4691 0.7351 0.0000 0.3744
YUGH_RECENT             0.7238 0.5460 0.5274 0.7261 0.3744 0.0000
