 9
IPIKO          0.0000 0.9739 0.9600 0.9740 0.9212 0.9130 0.8854 0.9870 0.9735
JAKAJ          0.9739 0.0000 0.9870 0.9281 0.9596 0.9351 0.9421 0.9393 0.5460
MAKAYAM        0.9600 0.9870 0.0000 0.9870 0.9733 0.9344 0.9571 0.9870 0.9870
MARINDINEESCH  0.9740 0.9281 0.9870 0.0000 0.9737 0.9491 0.9727 0.9718 0.9421
MINANIBAI      0.9212 0.9596 0.9733 0.9737 0.0000 0.8831 0.8655 0.9870 0.9588
MUBAMI         0.9130 0.9351 0.9344 0.9491 0.8831 0.0000 0.5816 0.9870 0.9475
TAO_SUAMATO    0.8854 0.9421 0.9571 0.9727 0.8655 0.5816 0.0000 0.9870 0.9407
WARKAJ         0.9870 0.9393 0.9870 0.9718 0.9870 0.9870 0.9870 0.0000 0.9377
YAQAY_KOGO     0.9735 0.5460 0.9870 0.9421 0.9588 0.9475 0.9407 0.9377 0.0000
