 48
ACHAGUA                0.0000 0.9352 0.9648 0.9236 0.9639 0.9630 0.9416 0.7757 0.8788 0.9095 0.9639 0.9450 0.9533 0.9373 0.7821 0.9209 0.8832 0.9386 0.9074 0.9444 0.9244 0.9633 0.8869 0.9172 0.9039 0.9359 0.8772 0.9630 0.9014 0.9062 0.8756 0.7301 0.9227 0.9313 0.9244 0.7789 0.9190 0.9366 0.9359 0.8988 0.9253 0.8988 0.8832 0.8578 0.9145 0.8633 0.9051 0.8951
AJYININKA_APURUCAYALI  0.9352 0.0000 0.9253 0.8287 0.7016 0.6417 0.8731 0.9345 0.9062 0.8615 0.5897 0.8011 0.9136 0.8615 0.9359 0.8883 0.9236 0.8951 0.9051 0.8378 0.9227 0.6703 0.9159 0.8746 0.8853 0.8898 0.8740 0.7495 0.8292 0.9337 0.8723 0.9227 0.9491 0.9600 0.9366 0.9209 0.9751 0.8432 0.8898 0.9444 0.9373 0.9444 0.8651 0.9027 0.9392 0.9062 0.9027 0.8925
AMUESHA                0.9648 0.9253 0.0000 0.9276 0.9533 0.9520 0.9442 0.9261 0.8859 0.8586 0.9284 0.9039 0.9437 0.9276 0.9010 0.9386 0.9032 0.8898 0.9261 0.9329 0.9533 0.8859 0.9501 0.9212 0.9236 0.9126 0.8846 0.9126 0.9074 0.9386 0.9116 0.9021 0.9268 0.9352 0.9533 0.9268 0.9373 0.9136 0.9126 0.9886 0.9656 0.9886 0.9291 0.8964 0.9062 0.9648 0.9244 0.9276
APURINA                0.9236 0.8287 0.9276 0.0000 0.8976 0.8938 0.8774 0.8788 0.8951 0.8192 0.8832 0.8822 0.9416 0.8964 0.9244 0.9496 0.9126 0.8397 0.9227 0.8451 0.9253 0.8651 0.9337 0.7909 0.9345 0.8142 0.8938 0.8938 0.8706 0.9359 0.9218 0.8976 0.9373 0.9469 0.9116 0.8951 0.9345 0.8333 0.8474 0.9608 0.9261 0.9313 0.8846 0.9062 0.9284 0.9373 0.9209 0.9106
ASHANINKA              0.9639 0.7016 0.9533 0.8976 0.0000 0.3430 0.9180 0.9636 0.9511 0.9253 0.5697 0.8132 0.9298 0.9386 0.9642 0.9085 0.9648 0.9398 0.9373 0.9305 0.9645 0.5795 0.9623 0.9432 0.9209 0.9373 0.9373 0.5966 0.9190 0.9501 0.9227 0.9520 0.9764 0.9474 0.9645 0.9639 0.9758 0.9244 0.9506 0.9751 0.9648 0.9751 0.9268 0.9496 0.9773 0.9511 0.9359 0.9386
ASHENINKA              0.9630 0.6417 0.9520 0.8938 0.3430 0.0000 0.9021 0.9626 0.9359 0.9227 0.5473 0.8239 0.9276 0.9085 0.9633 0.9051 0.9511 0.9244 0.9352 0.9278 0.9636 0.6071 0.9612 0.9416 0.9180 0.9352 0.9352 0.6244 0.9001 0.9486 0.9200 0.9506 0.9760 0.9457 0.9506 0.9630 0.9753 0.9218 0.9352 0.9745 0.9639 0.9745 0.9106 0.9480 0.9769 0.9496 0.9480 0.9227
BAHUANA                0.9416 0.8731 0.9442 0.8774 0.9180 0.9021 0.0000 0.8746 0.8619 0.9042 0.9053 0.9074 0.9220 0.9298 0.9172 0.9010 0.8801 0.8933 0.8746 0.8756 0.9427 0.9163 0.8832 0.8491 0.8239 0.8885 0.8455 0.9284 0.8355 0.8872 0.8872 0.9180 0.9163 0.9373 0.9053 0.9032 0.9261 0.8760 0.9154 0.9227 0.9062 0.8938 0.8527 0.8417 0.9091 0.9163 0.8999 0.9172
BANIWA                 0.7757 0.9345 0.9261 0.8788 0.9636 0.9626 0.8746 0.0000 0.7939 0.8633 0.9506 0.9287 0.9404 0.9501 0.5897 0.9486 0.8355 0.8513 0.9352 0.8945 0.9373 0.9218 0.8688 0.8898 0.8706 0.9062 0.8597 0.9491 0.8496 0.8740 0.8740 0.7639 0.8454 0.8822 0.8951 0.6756 0.8538 0.8772 0.8597 0.9600 0.8818 0.9296 0.8355 0.8558 0.9268 0.8772 0.9190 0.8788
BARE                   0.8788 0.9062 0.8859 0.8951 0.9511 0.9359 0.8619 0.7939 0.0000 0.8167 0.9244 0.8805 0.9021 0.8951 0.8333 0.8756 0.7340 0.8376 0.8615 0.8788 0.8964 0.8938 0.8187 0.8774 0.8213 0.8615 0.8116 0.8925 0.7973 0.8756 0.7724 0.8192 0.8633 0.9001 0.8964 0.7968 0.8883 0.8788 0.8454 0.9305 0.8532 0.8988 0.8050 0.7878 0.8872 0.8142 0.8578 0.8651
BAURE                  0.9095 0.8615 0.8586 0.8192 0.9253 0.9227 0.9042 0.8633 0.8167 0.0000 0.8976 0.8988 0.9163 0.8667 0.8818 0.8925 0.8700 0.7190 0.8633 0.8074 0.9116 0.8651 0.9039 0.8065 0.9051 0.8142 0.8474 0.8788 0.8365 0.9218 0.8772 0.8532 0.8651 0.9170 0.9116 0.8494 0.9051 0.7821 0.7415 0.9749 0.9261 0.9608 0.8988 0.8432 0.9154 0.9373 0.8756 0.8667
CAMPA_DE_PERENE        0.9639 0.5897 0.9284 0.8832 0.5697 0.5473 0.9053 0.9506 0.9244 0.8976 0.0000 0.7942 0.9172 0.8976 0.9253 0.8938 0.9525 0.9136 0.9095 0.8988 0.9520 0.5296 0.9486 0.9312 0.8912 0.9236 0.8951 0.6200 0.8883 0.9501 0.8938 0.9261 0.9639 0.9616 0.9645 0.9511 0.9758 0.9106 0.9236 0.9751 0.9268 0.9751 0.9136 0.9218 0.9537 0.9106 0.8925 0.9253
CAQUINTE               0.9450 0.8011 0.9039 0.8822 0.8132 0.8239 0.9074 0.9287 0.8805 0.8988 0.7942 0.0000 0.9209 0.9149 0.9149 0.9278 0.9170 0.8853 0.9287 0.8808 0.9313 0.7670 0.9416 0.9085 0.9423 0.9287 0.8960 0.8239 0.8693 0.9114 0.9114 0.9001 0.9296 0.9227 0.9313 0.9296 0.9582 0.8974 0.8960 0.9886 0.9612 0.9886 0.9321 0.8752 0.9200 0.9600 0.8930 0.9149
CARIB_1665             0.9533 0.9136 0.9437 0.9416 0.9298 0.9276 0.9220 0.9404 0.9021 0.9163 0.9172 0.9209 0.0000 0.9416 0.9291 0.7937 0.9053 0.9053 0.7964 0.9051 0.9042 0.9410 0.9379 0.9343 0.9116 0.9404 0.9010 0.9276 0.9095 0.8999 0.8999 0.9042 0.9284 0.9366 0.9541 0.9533 0.9516 0.9021 0.9010 0.9760 0.9427 0.9630 0.9427 0.8988 0.9325 0.9154 0.8846 0.9291
CHAMICURO              0.9373 0.8615 0.9276 0.8964 0.9386 0.9085 0.9298 0.9501 0.8951 0.8667 0.8976 0.9149 0.9416 0.0000 0.9244 0.8925 0.8988 0.8846 0.8938 0.8631 0.9386 0.8951 0.9480 0.8922 0.9486 0.8938 0.8788 0.9227 0.8706 0.9074 0.9218 0.9116 0.9373 0.9469 0.9386 0.9506 0.9756 0.8803 0.8788 0.9463 0.9392 0.9608 0.8988 0.9062 0.9021 0.9373 0.9062 0.8964
CURRIPACO              0.7821 0.9359 0.9010 0.9244 0.9642 0.9633 0.9172 0.5897 0.8333 0.8818 0.9253 0.9149 0.9291 0.9244 0.0000 0.9359 0.8397 0.8988 0.9085 0.9296 0.9253 0.8951 0.9190 0.8922 0.8578 0.8938 0.8474 0.9366 0.8869 0.8615 0.8454 0.7340 0.8167 0.9321 0.9253 0.6645 0.8061 0.9095 0.9227 0.9608 0.9261 0.9608 0.8397 0.8432 0.8885 0.8951 0.8912 0.8513
GARIFUNA               0.9209 0.8883 0.9386 0.9496 0.9085 0.9051 0.9010 0.9486 0.8756 0.8925 0.8938 0.9278 0.7937 0.8925 0.9359 0.0000 0.8951 0.9095 0.6417 0.9102 0.8310 0.8912 0.9313 0.9284 0.9170 0.9345 0.9051 0.8740 0.8822 0.9039 0.8883 0.8788 0.9626 0.9296 0.9366 0.9491 0.9751 0.9062 0.9051 0.9596 0.9373 0.9596 0.9095 0.9180 0.9261 0.9062 0.9180 0.8925
GUINAU                 0.8832 0.9236 0.9032 0.9126 0.9648 0.9511 0.8801 0.8355 0.7340 0.8700 0.9525 0.9170 0.9053 0.8988 0.8397 0.8951 0.0000 0.8872 0.8964 0.8838 0.8999 0.9253 0.8263 0.8814 0.8454 0.8818 0.8024 0.9379 0.8411 0.8651 0.8333 0.8417 0.8976 0.9039 0.8859 0.8215 0.9074 0.8832 0.8964 0.9180 0.8586 0.8869 0.8436 0.8142 0.8774 0.8532 0.8633 0.8988
IGNACIANO              0.9386 0.8951 0.8898 0.8397 0.9398 0.9244 0.8933 0.8513 0.8376 0.7190 0.9136 0.8853 0.9053 0.8846 0.8988 0.9095 0.8872 0.0000 0.8964 0.7942 0.8859 0.9116 0.9209 0.8259 0.8925 0.8192 0.8667 0.9244 0.8239 0.9095 0.8651 0.8859 0.8532 0.8883 0.9268 0.8832 0.9359 0.7340 0.3228 0.9886 0.9145 0.9753 0.8872 0.8788 0.9042 0.9253 0.8938 0.8550
ISLAND_CARIB           0.9074 0.9051 0.9261 0.9227 0.9373 0.9352 0.8746 0.9352 0.8615 0.8633 0.9095 0.9287 0.7964 0.8938 0.9085 0.6417 0.8964 0.8964 0.0000 0.9278 0.8333 0.9218 0.9170 0.9032 0.8706 0.9062 0.8912 0.9062 0.8838 0.9051 0.8740 0.8494 0.9074 0.9457 0.8951 0.9359 0.9474 0.9074 0.9209 0.9745 0.9511 0.9600 0.8964 0.9039 0.8568 0.8615 0.9039 0.8938
KINIKINAU              0.9444 0.8378 0.9329 0.8451 0.9305 0.9278 0.8756 0.8945 0.8788 0.8074 0.8988 0.8808 0.9051 0.8631 0.9296 0.9102 0.8838 0.7942 0.9278 0.0000 0.9149 0.9126 0.8693 0.8772 0.8898 0.8945 0.8403 0.9278 0.8269 0.9102 0.8752 0.9149 0.8960 0.9392 0.9149 0.8960 0.9577 0.5932 0.8011 0.9384 0.9001 0.9205 0.9159 0.8546 0.9190 0.9287 0.8914 0.8805
LOKONO                 0.9244 0.9227 0.9533 0.9253 0.9645 0.9636 0.9427 0.9373 0.8964 0.9116 0.9520 0.9313 0.9042 0.9386 0.9253 0.8310 0.8999 0.8859 0.8333 0.9149 0.0000 0.9379 0.9200 0.9189 0.9062 0.9236 0.8951 0.9373 0.8558 0.9085 0.8633 0.8846 0.9244 0.9329 0.9520 0.9244 0.9758 0.8964 0.8803 0.9612 0.9268 0.9469 0.9136 0.9218 0.8474 0.8667 0.9218 0.9116
MACHIGUENGA            0.9633 0.6703 0.8859 0.8651 0.5795 0.6071 0.9163 0.9218 0.8938 0.8651 0.5296 0.7670 0.9410 0.8951 0.8951 0.8912 0.9253 0.9116 0.9218 0.9126 0.9379 0.0000 0.9616 0.9172 0.9190 0.9074 0.8772 0.5309 0.8517 0.9352 0.8912 0.9106 0.9501 0.9313 0.9511 0.9501 0.9619 0.8938 0.9218 0.9747 0.9386 0.9747 0.8832 0.8898 0.9276 0.9366 0.8898 0.9095
MAPIDIAN_2             0.8869 0.9159 0.9501 0.9337 0.9623 0.9612 0.8832 0.8688 0.8187 0.9039 0.9486 0.9416 0.9379 0.9480 0.9190 0.9313 0.8263 0.9209 0.9170 0.8693 0.9200 0.9616 0.0000 0.9261 0.6009 0.9321 0.8517 0.9469 0.8590 0.9159 0.8496 0.8740 0.9027 0.9268 0.9200 0.8706 0.9450 0.8869 0.9170 0.8914 0.8756 0.8546 0.8597 0.8474 0.9373 0.8538 0.8822 0.9039
MASHCO_PIRO            0.9172 0.8746 0.9212 0.7909 0.9432 0.9416 0.8491 0.8898 0.8774 0.8065 0.9312 0.9085 0.9343 0.8922 0.8922 0.9284 0.8814 0.8259 0.9032 0.8772 0.9189 0.9172 0.9261 0.0000 0.9136 0.4510 0.8760 0.9291 0.8376 0.8885 0.9154 0.8933 0.9042 0.9511 0.9189 0.8774 0.9268 0.8492 0.8173 0.9636 0.9318 0.9506 0.8681 0.8586 0.9100 0.9172 0.9145 0.8922
MAWAYANA               0.9039 0.8853 0.9236 0.9345 0.9209 0.9180 0.8239 0.8706 0.8213 0.9051 0.8912 0.9423 0.9116 0.9486 0.8578 0.9170 0.8454 0.8925 0.8706 0.8898 0.9062 0.9190 0.6009 0.9136 0.0000 0.9027 0.8365 0.9180 0.8611 0.8853 0.8342 0.8432 0.8883 0.9278 0.9352 0.8558 0.9149 0.8883 0.9180 0.8930 0.8615 0.8378 0.8454 0.8496 0.8964 0.8558 0.8670 0.9051
MAXINERI               0.9359 0.8898 0.9126 0.8142 0.9373 0.9352 0.8885 0.9062 0.8615 0.8142 0.9236 0.9287 0.9404 0.8938 0.8938 0.9345 0.8818 0.8192 0.9062 0.8945 0.9236 0.9074 0.9321 0.4510 0.9027 0.0000 0.9062 0.9209 0.8496 0.8898 0.9200 0.8803 0.9218 0.9604 0.9373 0.8615 0.9329 0.8615 0.8089 0.9600 0.9106 0.9450 0.8513 0.8723 0.9136 0.9218 0.9190 0.8938
MEHINAKU               0.8772 0.8740 0.8846 0.8938 0.9373 0.9352 0.8455 0.8597 0.8116 0.8474 0.8951 0.8960 0.9010 0.8788 0.8474 0.9051 0.8024 0.8667 0.8912 0.8403 0.8951 0.8772 0.8517 0.8760 0.8365 0.9062 0.0000 0.9062 0.7540 0.8578 0.7495 0.8494 0.8925 0.8474 0.9236 0.8615 0.9180 0.8454 0.8912 0.9296 0.8964 0.8974 0.8667 0.4439 0.8417 0.8925 0.7250 0.8633
NOMATSIGUENGA          0.9630 0.7495 0.9126 0.8938 0.5966 0.6244 0.9284 0.9491 0.8925 0.8788 0.6200 0.8239 0.9276 0.9227 0.9366 0.8740 0.9379 0.9244 0.9062 0.9278 0.9373 0.5309 0.9469 0.9291 0.9180 0.9209 0.9062 0.0000 0.8670 0.9345 0.9051 0.9236 0.9630 0.9305 0.9506 0.9630 0.9753 0.9074 0.9352 0.9745 0.9511 0.9745 0.9244 0.9039 0.9525 0.9359 0.8883 0.9227
PALIKUR                0.9014 0.8292 0.9074 0.8706 0.9190 0.9001 0.8355 0.8496 0.7973 0.8365 0.8883 0.8693 0.9095 0.8706 0.8869 0.8822 0.8411 0.8239 0.8838 0.8269 0.8558 0.8517 0.8590 0.8376 0.8611 0.8496 0.7540 0.8670 0.0000 0.8292 0.7708 0.8723 0.8853 0.8546 0.9190 0.8688 0.9444 0.8342 0.8317 0.9416 0.8740 0.9249 0.8578 0.7670 0.8474 0.8853 0.8266 0.8187
PARAUJANO              0.9062 0.9337 0.9386 0.9359 0.9501 0.9486 0.8872 0.8740 0.8756 0.9218 0.9501 0.9114 0.8999 0.9074 0.8615 0.9039 0.8651 0.9095 0.9051 0.9102 0.9085 0.9352 0.9159 0.8885 0.8853 0.8898 0.8578 0.9345 0.8292 0.0000 0.9039 0.8474 0.9209 0.9137 0.9633 0.8912 0.9469 0.9062 0.9200 0.9287 0.8651 0.9126 0.8494 0.8538 0.7378 0.9062 0.9027 0.9074
PARESI                 0.8756 0.8723 0.9116 0.9218 0.9227 0.9200 0.8872 0.8740 0.7724 0.8772 0.8938 0.9114 0.8999 0.9218 0.8454 0.8883 0.8333 0.8651 0.8740 0.8752 0.8633 0.8912 0.8496 0.9154 0.8342 0.9200 0.7495 0.9051 0.7708 0.9039 0.0000 0.8788 0.9062 0.8451 0.9501 0.8432 0.9469 0.8756 0.8898 0.9287 0.8803 0.8960 0.8803 0.8003 0.8550 0.8756 0.8187 0.8925
PIAPOCO                0.7301 0.9227 0.9021 0.8976 0.9520 0.9506 0.9180 0.7639 0.8192 0.8532 0.9261 0.9001 0.9042 0.9116 0.7340 0.8788 0.8417 0.8859 0.8494 0.9149 0.8846 0.9106 0.8740 0.8933 0.8432 0.8803 0.8494 0.9236 0.8723 0.8474 0.8788 0.0000 0.8964 0.9329 0.9392 0.7490 0.8756 0.8818 0.8951 0.9469 0.8999 0.9170 0.8716 0.8287 0.8898 0.8818 0.8772 0.8684
RESIGARO               0.9227 0.9491 0.9268 0.9373 0.9764 0.9760 0.9163 0.8454 0.8633 0.8651 0.9639 0.9296 0.9284 0.9373 0.8167 0.9626 0.8976 0.8532 0.9074 0.8960 0.9244 0.9501 0.9027 0.9042 0.8883 0.9218 0.8925 0.9630 0.8853 0.9209 0.9062 0.8964 0.0000 0.9463 0.9379 0.8788 0.9337 0.8788 0.8772 0.9886 0.9386 0.9604 0.9116 0.8898 0.9145 0.9085 0.9345 0.8333
SARAVEKA               0.9313 0.9600 0.9352 0.9469 0.9474 0.9457 0.9373 0.8822 0.9001 0.9170 0.9616 0.9227 0.9366 0.9469 0.9321 0.9296 0.9039 0.8883 0.9457 0.9392 0.9329 0.9313 0.9268 0.9511 0.9278 0.9604 0.8474 0.9305 0.8546 0.9137 0.8451 0.9329 0.9463 0.0000 0.9474 0.9463 0.9591 0.9463 0.8988 0.9732 0.9480 0.9573 0.9619 0.8611 0.9074 0.9313 0.8428 0.9014
TAINO                  0.9244 0.9366 0.9533 0.9116 0.9645 0.9506 0.9053 0.8951 0.8964 0.9116 0.9645 0.9313 0.9541 0.9386 0.9253 0.9366 0.8859 0.9268 0.8951 0.9149 0.9520 0.9511 0.9200 0.9189 0.9352 0.9373 0.9236 0.9506 0.9190 0.9633 0.9501 0.9392 0.9379 0.9474 0.0000 0.8964 0.9352 0.9244 0.9236 0.9751 0.9525 0.9612 0.9268 0.9218 0.9656 0.9244 0.9760 0.9253
TARIANA                0.7789 0.9209 0.9268 0.8951 0.9639 0.9630 0.9032 0.6756 0.7968 0.8494 0.9511 0.9296 0.9533 0.9506 0.6645 0.9491 0.8215 0.8832 0.9359 0.8960 0.9244 0.9501 0.8706 0.8774 0.8558 0.8615 0.8615 0.9630 0.8688 0.8912 0.8432 0.7490 0.8788 0.9463 0.8964 0.0000 0.8213 0.8788 0.8925 0.9149 0.8832 0.9305 0.8532 0.8578 0.9404 0.8938 0.9051 0.8803
TARIANO                0.9190 0.9751 0.9373 0.9345 0.9758 0.9753 0.9261 0.8538 0.8883 0.9051 0.9758 0.9582 0.9516 0.9756 0.8061 0.9751 0.9074 0.9359 0.9474 0.9577 0.9758 0.9619 0.9450 0.9268 0.9149 0.9329 0.9180 0.9753 0.9444 0.9469 0.9469 0.8756 0.9337 0.9591 0.9352 0.8213 0.0000 0.9480 0.9616 0.9739 0.9760 0.9739 0.9359 0.9001 0.9639 0.9619 0.9313 0.9345
TERENA                 0.9366 0.8432 0.9136 0.8333 0.9244 0.9218 0.8760 0.8772 0.8788 0.7821 0.9106 0.8974 0.9021 0.8803 0.9095 0.9062 0.8832 0.7340 0.9074 0.5932 0.8964 0.8938 0.8869 0.8492 0.8883 0.8615 0.8454 0.9074 0.8342 0.9062 0.8756 0.8818 0.8788 0.9463 0.9244 0.8788 0.9480 0.0000 0.7569 0.9457 0.9116 0.9305 0.8832 0.8578 0.9010 0.9227 0.8898 0.8651
TRINITARIO             0.9359 0.8898 0.9126 0.8474 0.9506 0.9352 0.9154 0.8597 0.8454 0.7415 0.9236 0.8960 0.9010 0.8788 0.9227 0.9051 0.8964 0.3228 0.9209 0.8011 0.8803 0.9218 0.9170 0.8173 0.9180 0.8089 0.8912 0.9352 0.8317 0.9200 0.8898 0.8951 0.8772 0.8988 0.9236 0.8925 0.9616 0.7569 0.0000 0.9745 0.8964 0.9600 0.8964 0.9039 0.9136 0.9218 0.9190 0.8633
WAPISHANA              0.8988 0.9444 0.9886 0.9608 0.9751 0.9745 0.9227 0.9600 0.9305 0.9749 0.9751 0.9886 0.9760 0.9463 0.9608 0.9596 0.9180 0.9886 0.9745 0.9384 0.9612 0.9747 0.8914 0.9636 0.8930 0.9600 0.9296 0.9745 0.9416 0.9287 0.9287 0.9469 0.9886 0.9732 0.9751 0.9149 0.9739 0.9457 0.9745 0.0000 0.6989 0.5393 0.9027 0.9278 0.9352 0.9149 0.9278 0.9749
WAPISIANA              0.9253 0.9373 0.9656 0.9261 0.9648 0.9639 0.9062 0.8818 0.8532 0.9261 0.9268 0.9612 0.9427 0.9392 0.9261 0.9373 0.8586 0.9145 0.9511 0.9001 0.9268 0.9386 0.8756 0.9318 0.8615 0.9106 0.8964 0.9511 0.8740 0.8651 0.8803 0.8999 0.9386 0.9480 0.9525 0.8832 0.9760 0.9116 0.8964 0.6989 0.0000 0.6764 0.8731 0.9085 0.9042 0.8684 0.9227 0.8988
WAPIXANA               0.8988 0.9444 0.9886 0.9313 0.9751 0.9745 0.8938 0.9296 0.8988 0.9608 0.9751 0.9886 0.9630 0.9608 0.9608 0.9596 0.8869 0.9753 0.9600 0.9205 0.9469 0.9747 0.8546 0.9506 0.8378 0.9450 0.8974 0.9745 0.9249 0.9126 0.8960 0.9170 0.9604 0.9573 0.9612 0.9305 0.9739 0.9305 0.9600 0.5393 0.6764 0.0000 0.8869 0.8945 0.9062 0.8988 0.8945 0.9463
WAREKENA               0.8832 0.8651 0.9291 0.8846 0.9268 0.9106 0.8527 0.8355 0.8050 0.8988 0.9136 0.9321 0.9427 0.8988 0.8397 0.9095 0.8436 0.8872 0.8964 0.9159 0.9136 0.8832 0.8597 0.8681 0.8454 0.8513 0.8667 0.9244 0.8578 0.8494 0.8803 0.8716 0.9116 0.9619 0.9268 0.8532 0.9359 0.8832 0.8964 0.9027 0.8731 0.8869 0.0000 0.8788 0.8635 0.7706 0.9085 0.8988
WAURA                  0.8578 0.9027 0.8964 0.9062 0.9496 0.9480 0.8417 0.8558 0.7878 0.8432 0.9218 0.8752 0.8988 0.9062 0.8432 0.9180 0.8142 0.8788 0.9039 0.8546 0.9218 0.8898 0.8474 0.8586 0.8496 0.8723 0.4439 0.9039 0.7670 0.8538 0.8003 0.8287 0.8898 0.8611 0.9218 0.8578 0.9001 0.8578 0.9039 0.9278 0.9085 0.8945 0.8788 0.0000 0.8684 0.9051 0.6471 0.8597
WAYUU                  0.9145 0.9392 0.9062 0.9284 0.9773 0.9769 0.9091 0.9268 0.8872 0.9154 0.9537 0.9200 0.9325 0.9021 0.8885 0.9261 0.8774 0.9042 0.8568 0.9190 0.8474 0.9276 0.9373 0.9100 0.8964 0.9136 0.8417 0.9525 0.8474 0.7378 0.8550 0.8898 0.9145 0.9074 0.9656 0.9404 0.9639 0.9010 0.9136 0.9352 0.9042 0.9062 0.8635 0.8684 0.0000 0.9010 0.8976 0.9021
YAVITERO               0.8633 0.9062 0.9648 0.9373 0.9511 0.9496 0.9163 0.8772 0.8142 0.9373 0.9106 0.9600 0.9154 0.9373 0.8951 0.9062 0.8532 0.9253 0.8615 0.9287 0.8667 0.9366 0.8538 0.9172 0.8558 0.9218 0.8925 0.9359 0.8853 0.9062 0.8756 0.8818 0.9085 0.9313 0.9244 0.8938 0.9619 0.9227 0.9218 0.9149 0.8684 0.8988 0.7706 0.9051 0.9010 0.0000 0.9051 0.9095
YAWALAPITI             0.9051 0.9027 0.9244 0.9209 0.9359 0.9480 0.8999 0.9190 0.8578 0.8756 0.8925 0.8930 0.8846 0.9062 0.8912 0.9180 0.8633 0.8938 0.9039 0.8914 0.9218 0.8898 0.8822 0.9145 0.8670 0.9190 0.7250 0.8883 0.8266 0.9027 0.8187 0.8772 0.9345 0.8428 0.9760 0.9051 0.9313 0.8898 0.9190 0.9278 0.9227 0.8945 0.9085 0.6471 0.8976 0.9051 0.0000 0.8912
YUCUNA                 0.8951 0.8925 0.9276 0.9106 0.9386 0.9227 0.9172 0.8788 0.8651 0.8667 0.9253 0.9149 0.9291 0.8964 0.8513 0.8925 0.8988 0.8550 0.8938 0.8805 0.9116 0.9095 0.9039 0.8922 0.9051 0.8938 0.8633 0.9227 0.8187 0.9074 0.8925 0.8684 0.8333 0.9014 0.9253 0.8803 0.9345 0.8651 0.8633 0.9749 0.8988 0.9463 0.8988 0.8597 0.9021 0.9095 0.8912 0.0000
