 130
ABIRPARA_MAHALI              0.0000 0.9434 0.9428 0.9048 0.9420 0.9146 0.9294 0.9024 0.1014 0.8101 0.9197 0.8895 0.9311 0.9071 0.9754 0.9441 0.9037 0.9349 0.8985 0.9342 0.9060 0.9197 0.9428 0.9478 0.9483 0.9441 0.9434 0.4765 0.1267 0.9483 0.9454 0.9197 0.9048 0.8895 0.7976 0.9342 0.9060 0.8835 0.9617 0.9342 0.9364 0.8704 0.9494 0.9342 0.9197 0.9266 0.2988 0.7157 0.8881 0.9448 0.9048 0.8985 0.9311 0.9302 0.9168 0.9327 0.9157 0.9178 0.9319 0.9135 0.9037 0.9048 0.8738 0.9428 0.1014 0.9584 0.9266 0.9048 0.8909 0.9168 0.3912 0.8866 0.9225 0.9048 0.9048 0.8738 0.9060 0.9012 0.8895 0.0267 0.9037 0.1235 0.9634 0.9617 0.9197 0.0520 0.8931 0.8895 0.9335 0.9342 0.9460 0.1235 0.1300 0.0780 0.8263 0.8881 0.9302 0.8738 0.9620 0.8999 0.8881 0.3075 0.9460 0.9178 0.7630 0.9342 0.9048 0.9146 0.8895 0.9157 0.7966 0.8895 0.9048 0.9178 0.9197 0.9197 0.9342 0.8942 0.9302 0.8576 0.9342 0.9060 0.9478 0.8923 0.9483 0.9327 0.9624 0.9428 0.9434 0.9428
AISHUO_WA                    0.9434 0.0000 0.3381 0.8648 0.1744 0.8150 0.8119 0.8236 0.9434 0.8912 0.8985 0.8472 0.8927 0.9168 0.8101 0.9060 0.8803 0.8667 0.8731 0.9146 0.8315 0.8819 0.1977 0.8263 0.7498 0.9060 0.3548 0.9225 0.9428 0.8472 0.8350 0.8290 0.8819 0.9454 0.9390 0.9146 0.8494 0.9099 0.7008 0.8985 0.8185 0.8957 0.8851 0.8985 0.7498 0.9032 0.9428 0.9275 0.8072 0.9074 0.8290 0.8350 0.6589 0.8544 0.8942 0.6202 0.8927 0.8957 0.8768 0.8119 0.7873 0.8101 0.8819 0.1453 0.9434 0.4201 0.8236 0.8648 0.8835 0.8587 0.9146 0.8957 0.8704 0.8648 0.8985 0.8472 0.8315 0.8942 0.8530 0.9428 0.8263 0.9441 0.8031 0.7236 0.9146 0.9434 0.9142 0.8819 0.5733 0.8819 0.8927 0.9441 0.9413 0.9428 0.9413 0.8803 0.8731 0.8101 0.7060 0.8566 0.8803 0.9294 0.9584 0.8786 0.9405 0.8648 0.8472 0.7942 0.8985 0.8566 0.9613 0.8290 0.8472 0.8957 0.8985 0.8648 0.8472 0.8670 0.9087 0.8819 0.8472 0.9157 0.7456 0.8339 0.3953 0.9123 0.7742 0.2938 0.2196 0.1977
AWALAI_WA                    0.9428 0.3381 0.0000 0.8629 0.2542 0.8323 0.8497 0.8009 0.9428 0.8895 0.8971 0.8449 0.8912 0.9157 0.8263 0.9046 0.8786 0.8472 0.8711 0.9135 0.8290 0.8629 0.1744 0.8041 0.7236 0.9046 0.3801 0.9216 0.9420 0.8263 0.8119 0.8449 0.8803 0.9448 0.9202 0.9135 0.8290 0.9087 0.6713 0.8803 0.8515 0.8768 0.8667 0.8803 0.7456 0.8825 0.9420 0.9428 0.8425 0.9060 0.8072 0.8119 0.6783 0.8520 0.8927 0.5850 0.8912 0.8942 0.8566 0.8295 0.7839 0.8263 0.8629 0.2259 0.9428 0.4448 0.8205 0.8629 0.8648 0.8566 0.9135 0.8587 0.8851 0.8629 0.8971 0.8449 0.8101 0.8927 0.8665 0.9420 0.8236 0.9434 0.7811 0.7188 0.9135 0.9428 0.9133 0.8803 0.6462 0.8629 0.8912 0.9434 0.9405 0.9420 0.9405 0.8608 0.8711 0.8072 0.7008 0.8544 0.8786 0.9285 0.9580 0.8942 0.9225 0.8629 0.8449 0.7907 0.8971 0.8544 0.9319 0.8072 0.8263 0.8942 0.8803 0.8449 0.8263 0.8843 0.8895 0.8629 0.8449 0.9302 0.7413 0.8315 0.4173 0.9112 0.7498 0.3641 0.2471 0.2259
BAHNAR_2                     0.9048 0.8648 0.8629 0.0000 0.8425 0.8185 0.8515 0.8430 0.8895 0.8704 0.5896 0.6805 0.7652 0.8961 0.8631 0.6154 0.8770 0.7994 0.5781 0.8140 0.5211 0.5896 0.8449 0.8114 0.8631 0.6649 0.8472 0.8758 0.9037 0.8308 0.8363 0.5125 0.5896 0.8936 0.9294 0.7966 0.6855 0.7652 0.8613 0.8472 0.8374 0.8754 0.8815 0.7787 0.7966 0.8803 0.8881 0.8576 0.8451 0.6223 0.7413 0.7615 0.8721 0.8704 0.5674 0.8595 0.5857 0.6001 0.8576 0.7777 0.7937 0.7966 0.8786 0.8449 0.9048 0.8629 0.8803 0.8308 0.7994 0.8236 0.8786 0.8261 0.8682 0.7413 0.6366 0.7413 0.7637 0.5674 0.7933 0.9037 0.7374 0.8909 0.8394 0.8451 0.7787 0.8895 0.8437 0.7787 0.8451 0.8936 0.6589 0.8909 0.9012 0.8881 0.8515 0.5308 0.6290 0.8308 0.8472 0.8721 0.8114 0.8923 0.8386 0.6001 0.8835 0.6135 0.7966 0.7615 0.7603 0.8881 0.9114 0.6589 0.5391 0.6001 0.7603 0.5125 0.8786 0.7283 0.8866 0.7966 0.5896 0.8949 0.8923 0.8022 0.8308 0.9060 0.8801 0.8629 0.8472 0.8449
BANHONG_WA                   0.9420 0.1744 0.2542 0.8425 0.0000 0.8087 0.8266 0.7976 0.9420 0.8879 0.8957 0.8425 0.8895 0.9146 0.8236 0.9032 0.8768 0.8449 0.8691 0.9123 0.8072 0.8608 0.0927 0.8009 0.7188 0.9032 0.3206 0.9207 0.9413 0.8236 0.8087 0.8425 0.8786 0.9441 0.9190 0.9123 0.8263 0.9074 0.6653 0.8786 0.8315 0.8927 0.8648 0.8786 0.7413 0.8805 0.9413 0.9420 0.8209 0.9046 0.8041 0.8087 0.6721 0.8497 0.8912 0.5766 0.8895 0.8927 0.8544 0.8053 0.7803 0.8041 0.8425 0.0927 0.9420 0.3901 0.8173 0.8608 0.8803 0.8544 0.9123 0.8750 0.8835 0.8608 0.8957 0.8425 0.8072 0.8912 0.8492 0.9413 0.8209 0.9428 0.7777 0.6900 0.8957 0.9420 0.9123 0.8608 0.6128 0.8608 0.8895 0.9428 0.9398 0.9413 0.9398 0.8587 0.8691 0.8041 0.6713 0.8520 0.8768 0.9275 0.9575 0.8750 0.9214 0.8608 0.8425 0.7870 0.8957 0.8520 0.9460 0.8236 0.8236 0.8927 0.8786 0.8425 0.8236 0.8825 0.8879 0.8608 0.8425 0.9294 0.7368 0.8290 0.3678 0.9099 0.7668 0.2542 0.1198 0.0927
BATEK_DEQ                    0.9146 0.8150 0.8323 0.8185 0.8087 0.0000 0.4942 0.8494 0.9146 0.9123 0.8704 0.8363 0.8971 0.9342 0.9178 0.9266 0.8686 0.7453 0.8608 0.8866 0.8556 0.8536 0.8119 0.8686 0.8536 0.9428 0.8150 0.9250 0.9135 0.6987 0.7630 0.8363 0.8536 0.9327 0.9074 0.8866 0.8556 0.9135 0.8339 0.7203 0.8909 0.9157 0.9048 0.8536 0.7615 0.6455 0.8803 0.8985 0.7777 0.9434 0.8704 0.8957 0.8263 0.8236 0.8472 0.8315 0.8803 0.8494 0.9146 0.8009 0.8515 0.8536 0.8536 0.8119 0.9146 0.8520 0.5586 0.8363 0.8721 0.8472 0.9178 0.8999 0.8430 0.8536 0.8704 0.8536 0.8721 0.8648 0.8583 0.9135 0.8158 0.9157 0.8770 0.8686 0.8866 0.9146 0.8633 0.8363 0.8686 0.9024 0.9135 0.9157 0.9112 0.9135 0.8768 0.8515 0.9123 0.8536 0.8704 0.8072 0.8339 0.9168 0.9135 0.8130 0.8927 0.8536 0.8001 0.7413 0.8536 0.8072 0.9207 0.8704 0.8363 0.8835 0.8866 0.8704 0.8185 0.7942 0.8786 0.8704 0.8363 0.7248 0.9012 0.8409 0.8001 0.9157 0.9037 0.8119 0.8150 0.8119
BATEK_NONG                   0.9294 0.8119 0.8497 0.8515 0.8266 0.4942 0.0000 0.8819 0.9294 0.9112 0.9012 0.8686 0.8957 0.9478 0.9168 0.9420 0.8667 0.7615 0.8768 0.9012 0.8866 0.8686 0.8295 0.8835 0.8515 0.9420 0.8323 0.9103 0.9285 0.6223 0.7138 0.8515 0.8851 0.9319 0.9236 0.9168 0.8866 0.9123 0.8315 0.6469 0.9048 0.9146 0.9037 0.8686 0.7971 0.5166 0.8957 0.9135 0.7939 0.9428 0.8851 0.8942 0.8425 0.8009 0.8803 0.8648 0.9123 0.8819 0.9135 0.7321 0.8835 0.8686 0.8686 0.8295 0.9294 0.8691 0.4827 0.8515 0.9024 0.8803 0.9012 0.9302 0.8576 0.8851 0.9012 0.8851 0.8536 0.8971 0.8857 0.9285 0.8667 0.9146 0.8754 0.8667 0.9319 0.9294 0.9161 0.8851 0.8494 0.9012 0.9285 0.9146 0.9266 0.9285 0.9099 0.8835 0.9112 0.8686 0.8686 0.7630 0.8835 0.9157 0.9441 0.8648 0.9256 0.8515 0.8158 0.7138 0.7971 0.7839 0.9483 0.9012 0.8686 0.8985 0.8851 0.8851 0.8158 0.7223 0.9275 0.9319 0.8515 0.6530 0.9157 0.8721 0.8339 0.9302 0.9024 0.8295 0.8323 0.8295
BIT                          0.9024 0.8236 0.8009 0.8430 0.7976 0.8494 0.8819 0.0000 0.9024 0.8667 0.8430 0.8087 0.8339 0.9082 0.8595 0.8803 0.8576 0.8114 0.8315 0.8430 0.7755 0.8087 0.8009 0.7492 0.8087 0.8971 0.8041 0.9142 0.9012 0.8595 0.8315 0.8087 0.8261 0.9349 0.9275 0.7907 0.7374 0.8686 0.8059 0.8595 0.7258 0.8881 0.8631 0.8595 0.7530 0.8942 0.9168 0.9024 0.8236 0.8985 0.8261 0.8835 0.7971 0.8494 0.8363 0.8211 0.8158 0.8211 0.8866 0.8819 0.8409 0.7907 0.8430 0.8009 0.9024 0.8587 0.8587 0.8261 0.8114 0.8001 0.9207 0.8556 0.8331 0.8087 0.8595 0.8430 0.8285 0.8185 0.8039 0.9012 0.7876 0.9037 0.8022 0.8236 0.9060 0.9024 0.8541 0.8261 0.8236 0.8430 0.8851 0.9037 0.8985 0.9012 0.9302 0.8576 0.8494 0.8261 0.7907 0.8515 0.8059 0.9048 0.8851 0.8211 0.8971 0.8909 0.8909 0.8494 0.8430 0.8515 0.9370 0.8087 0.7722 0.8386 0.8595 0.8087 0.8909 0.8425 0.9157 0.8087 0.8754 0.9071 0.8236 0.8472 0.8261 0.9188 0.8285 0.8209 0.8041 0.8009
BODOBELGHORIA_SANTALI        0.1014 0.9434 0.9428 0.8895 0.9420 0.9146 0.9294 0.9024 0.0000 0.7907 0.9048 0.8738 0.9157 0.9071 0.9754 0.9285 0.9037 0.9207 0.8819 0.9342 0.8909 0.9197 0.9428 0.9478 0.9483 0.9285 0.9434 0.4765 0.1730 0.9483 0.9302 0.9048 0.8895 0.8895 0.7976 0.9342 0.8909 0.8667 0.9617 0.9342 0.9364 0.8866 0.9357 0.9197 0.9048 0.9266 0.3369 0.6936 0.8881 0.9294 0.9048 0.8985 0.9311 0.9146 0.9012 0.9327 0.8999 0.9024 0.9168 0.9135 0.8881 0.9048 0.8738 0.9428 0.1483 0.9584 0.9266 0.8895 0.8909 0.9168 0.3575 0.8866 0.9225 0.8895 0.8895 0.8576 0.9060 0.8851 0.8758 0.1267 0.8881 0.0760 0.9504 0.9617 0.9197 0.0520 0.9060 0.8895 0.9335 0.9342 0.9311 0.0760 0.1774 0.0267 0.8072 0.8721 0.9146 0.8738 0.9620 0.8999 0.8721 0.2696 0.9460 0.9024 0.7630 0.9342 0.8895 0.9146 0.8895 0.9157 0.7966 0.8738 0.8895 0.9024 0.9048 0.9048 0.9197 0.8942 0.9302 0.8576 0.9342 0.9060 0.9478 0.8923 0.9483 0.9327 0.9624 0.9428 0.9434 0.9428
BODO_GADABA                  0.8101 0.8912 0.8895 0.8704 0.8879 0.9123 0.9112 0.8667 0.7907 0.0000 0.8866 0.8001 0.8263 0.9048 0.9472 0.8927 0.8686 0.8721 0.8608 0.8536 0.8386 0.9024 0.8895 0.9012 0.8866 0.8750 0.8731 0.7703 0.8072 0.9327 0.8786 0.8866 0.8536 0.8363 0.8520 0.8704 0.8211 0.8263 0.8851 0.9178 0.9488 0.8130 0.8409 0.8704 0.8704 0.9246 0.8072 0.8101 0.8851 0.8942 0.8185 0.8236 0.8971 0.8957 0.8819 0.8835 0.8803 0.8835 0.8648 0.8768 0.8339 0.8866 0.9024 0.8895 0.8101 0.9074 0.9074 0.8185 0.8881 0.8819 0.7615 0.8667 0.8909 0.8001 0.8536 0.8866 0.8211 0.8648 0.8434 0.8072 0.8339 0.7939 0.9071 0.8686 0.9178 0.7907 0.8772 0.8185 0.9168 0.8704 0.8971 0.7939 0.8009 0.7873 0.7589 0.8686 0.8608 0.8536 0.8866 0.8803 0.8158 0.7971 0.9135 0.8835 0.8376 0.8866 0.8704 0.8786 0.8536 0.8971 0.8261 0.8363 0.8536 0.8667 0.8536 0.8363 0.9024 0.8544 0.8957 0.8536 0.9024 0.9335 0.9319 0.9048 0.8866 0.8667 0.9037 0.9246 0.8912 0.8895
BRAO_KRUNG                   0.9197 0.8985 0.8971 0.5896 0.8957 0.8704 0.9012 0.8430 0.9048 0.8866 0.0000 0.7014 0.7844 0.9242 0.9082 0.7538 0.8923 0.8648 0.5233 0.7966 0.6643 0.6589 0.8971 0.7937 0.8786 0.8130 0.8985 0.8895 0.9188 0.8936 0.8704 0.5896 0.4562 0.8786 0.9294 0.7603 0.6855 0.7453 0.8770 0.8786 0.8682 0.8595 0.8815 0.7413 0.8308 0.9135 0.9188 0.8576 0.8923 0.7578 0.7413 0.7811 0.8881 0.8536 0.2069 0.8595 0.3785 0.4942 0.8738 0.8339 0.8451 0.7966 0.8631 0.8971 0.9197 0.9135 0.8971 0.8472 0.7818 0.8236 0.8936 0.8430 0.8682 0.7217 0.5391 0.7413 0.7451 0.4236 0.7933 0.9188 0.7374 0.9060 0.8548 0.8770 0.8472 0.9048 0.8154 0.7787 0.8770 0.8936 0.7652 0.9060 0.9168 0.9037 0.8515 0.6967 0.8001 0.8308 0.8786 0.8721 0.7937 0.9071 0.8211 0.4349 0.8999 0.7413 0.8308 0.8001 0.8140 0.8881 0.9114 0.7413 0.6135 0.4034 0.7217 0.6135 0.8936 0.7498 0.9024 0.8308 0.7014 0.9233 0.9216 0.8352 0.8631 0.9207 0.9093 0.8971 0.8985 0.8971
BRU                          0.8895 0.8472 0.8449 0.6805 0.8425 0.8363 0.8686 0.8087 0.8738 0.8001 0.7014 0.0000 0.3075 0.8815 0.9082 0.7939 0.8451 0.7994 0.6290 0.7966 0.6855 0.7014 0.8449 0.7755 0.8472 0.7742 0.8472 0.8617 0.8881 0.8631 0.7811 0.5896 0.6366 0.8786 0.8803 0.7966 0.4662 0.6816 0.8285 0.8786 0.8530 0.8261 0.8189 0.7603 0.7413 0.9135 0.9037 0.8236 0.8285 0.8158 0.3631 0.4942 0.8031 0.7811 0.6868 0.8087 0.6816 0.6701 0.7876 0.7777 0.7567 0.7217 0.8472 0.8449 0.8895 0.8803 0.8629 0.7787 0.7818 0.8059 0.8631 0.7722 0.8213 0.4849 0.7217 0.7413 0.4662 0.6416 0.7775 0.8881 0.4457 0.8754 0.8698 0.8114 0.7966 0.8738 0.8007 0.7787 0.8451 0.8308 0.7844 0.8754 0.8851 0.8721 0.8339 0.7174 0.7615 0.7603 0.8308 0.7844 0.7937 0.8770 0.8211 0.7129 0.8494 0.7966 0.7603 0.7615 0.7787 0.8386 0.8973 0.6805 0.6589 0.6701 0.7603 0.6805 0.8472 0.7283 0.8704 0.7217 0.7413 0.8949 0.8770 0.8022 0.8140 0.8595 0.8492 0.8449 0.8472 0.8449
BRU_WESTERN_UNNAMEDINSOURCE  0.9311 0.8927 0.8912 0.7652 0.8895 0.8971 0.8957 0.8339 0.9157 0.8263 0.7844 0.3075 0.0000 0.9488 0.9478 0.8401 0.8866 0.8576 0.7456 0.8211 0.7876 0.7844 0.8912 0.8185 0.8881 0.8401 0.8927 0.8843 0.9302 0.9037 0.8263 0.7248 0.7453 0.9188 0.9420 0.8211 0.5132 0.7060 0.8704 0.8881 0.8923 0.8686 0.8430 0.7844 0.7844 0.9256 0.9302 0.8667 0.8704 0.8608 0.4744 0.5733 0.8648 0.8629 0.7742 0.8339 0.7498 0.7371 0.8667 0.8236 0.7811 0.8211 0.9037 0.8912 0.9311 0.9087 0.8912 0.8211 0.8409 0.8835 0.8881 0.8339 0.8770 0.5595 0.8031 0.8031 0.5674 0.7328 0.8302 0.9302 0.4942 0.9168 0.9082 0.8536 0.9037 0.9157 0.8363 0.7844 0.8704 0.8721 0.8472 0.9168 0.9285 0.9146 0.8608 0.7811 0.8263 0.8556 0.8721 0.8819 0.8185 0.9024 0.8472 0.7777 0.9275 0.8386 0.8556 0.8263 0.8031 0.8648 0.9357 0.7453 0.7248 0.7578 0.7652 0.7453 0.8881 0.7548 0.9448 0.8211 0.7652 0.9342 0.9178 0.8909 0.8556 0.8851 0.8895 0.9087 0.8927 0.8912
BUGAN                        0.9071 0.9168 0.9157 0.8961 0.9146 0.9342 0.9478 0.9082 0.9071 0.9048 0.9242 0.8815 0.9488 0.0000 0.8815 0.8866 0.9233 0.9114 0.8738 0.9103 0.8682 0.8665 0.9157 0.9233 0.9242 0.8866 0.9012 0.8786 0.9207 0.9242 0.9048 0.8815 0.8815 0.8961 0.8999 0.8961 0.9114 0.9060 0.8949 0.9508 0.8857 0.8936 0.9123 0.9377 0.8815 0.9460 0.9207 0.9071 0.9370 0.9188 0.8665 0.8738 0.8909 0.9048 0.9071 0.9225 0.9207 0.9082 0.9071 0.9188 0.9233 0.9103 0.9103 0.8999 0.9071 0.9157 0.9605 0.8665 0.8530 0.8451 0.9242 0.9082 0.9133 0.9242 0.8815 0.8665 0.8682 0.9071 0.8693 0.9207 0.9093 0.9082 0.9274 0.9093 0.8022 0.9071 0.8985 0.9242 0.9370 0.9242 0.8754 0.9082 0.9188 0.9060 0.9188 0.8648 0.9048 0.8665 0.9242 0.8909 0.9093 0.9093 0.9060 0.9082 0.9178 0.8511 0.9103 0.9048 0.9377 0.9349 0.9133 0.8815 0.8815 0.9082 0.9508 0.8815 0.9103 0.9319 0.9197 0.8961 0.8511 0.9640 0.8648 0.8985 0.9103 0.9082 0.8973 0.8999 0.9168 0.9157
BUMANG                       0.9754 0.8101 0.8263 0.8631 0.8236 0.9178 0.9168 0.8595 0.9754 0.9472 0.9082 0.9082 0.9478 0.8815 0.0000 0.8835 0.9357 0.9233 0.9024 0.9499 0.8648 0.8308 0.8263 0.8923 0.8308 0.8999 0.8101 0.9535 0.9752 0.9225 0.9178 0.8631 0.9225 0.9630 0.9743 0.9082 0.8801 0.9037 0.8285 0.9499 0.8213 0.9207 0.8815 0.9225 0.8631 0.9597 0.9617 0.9620 0.9494 0.9012 0.8786 0.8866 0.8881 0.9327 0.9048 0.8595 0.9188 0.9349 0.8576 0.9319 0.8285 0.9082 0.8936 0.8072 0.9754 0.8629 0.9294 0.9082 0.9233 0.9048 0.9499 0.9207 0.9383 0.9082 0.9364 0.9082 0.8801 0.9048 0.9060 0.9752 0.9071 0.9755 0.8236 0.8285 0.9082 0.9754 0.9088 0.9225 0.8285 0.8936 0.8721 0.9755 0.9748 0.9752 0.9748 0.8770 0.8866 0.9082 0.8140 0.9335 0.9216 0.9757 0.9617 0.9060 0.9460 0.8631 0.9499 0.9327 0.9499 0.9617 0.9640 0.8786 0.8631 0.9207 0.9082 0.8631 0.9499 0.9302 0.9613 0.8936 0.8631 0.9504 0.8451 0.8961 0.8140 0.9624 0.9093 0.8263 0.8290 0.8263
BUNOR                        0.9441 0.9060 0.9046 0.6154 0.9032 0.9266 0.9420 0.8803 0.9285 0.8927 0.7538 0.7939 0.8401 0.8866 0.8835 0.0000 0.8985 0.8686 0.7548 0.8835 0.5426 0.7328 0.9046 0.9146 0.9157 0.4236 0.9060 0.9093 0.9434 0.9157 0.9099 0.7328 0.7742 0.8999 0.9565 0.8667 0.7971 0.8209 0.8985 0.8835 0.8721 0.9135 0.9178 0.8999 0.8494 0.9046 0.9434 0.8957 0.8648 0.4001 0.8315 0.8750 0.8587 0.9266 0.7188 0.8971 0.7589 0.7873 0.8957 0.8544 0.8290 0.8667 0.9157 0.9046 0.9441 0.9046 0.9398 0.8667 0.8515 0.8786 0.9157 0.9135 0.8881 0.8315 0.7939 0.8130 0.8339 0.7630 0.8548 0.9434 0.8101 0.9294 0.9048 0.8985 0.8315 0.9285 0.9019 0.8835 0.8985 0.9311 0.1336 0.9294 0.9420 0.9275 0.8912 0.7498 0.4493 0.8835 0.9157 0.9275 0.8648 0.9302 0.8768 0.7873 0.9246 0.7742 0.8494 0.8566 0.8667 0.9275 0.9335 0.6406 0.6154 0.7873 0.8667 0.5620 0.9157 0.8497 0.9428 0.8835 0.7939 0.9168 0.8819 0.9178 0.8999 0.9597 0.8851 0.9046 0.9060 0.9046
CAR                          0.9037 0.8803 0.8786 0.8770 0.8768 0.8686 0.8667 0.8576 0.9037 0.8686 0.8923 0.8451 0.8866 0.9233 0.9357 0.8985 0.0000 0.8308 0.8851 0.8613 0.8786 0.8770 0.8786 0.9207 0.8923 0.8985 0.8629 0.9019 0.9024 0.8770 0.8515 0.8770 0.8770 0.9216 0.9123 0.8613 0.8472 0.9024 0.8261 0.8613 0.8961 0.8895 0.8949 0.8923 0.8285 0.8608 0.9178 0.9188 0.8261 0.9157 0.8451 0.8686 0.8536 0.8686 0.9037 0.8738 0.9024 0.9048 0.8721 0.7939 0.8754 0.8770 0.8613 0.8786 0.9037 0.9123 0.8608 0.8285 0.8936 0.8881 0.9216 0.8895 0.7104 0.8451 0.8923 0.9071 0.8472 0.9037 0.8786 0.9024 0.8595 0.9048 0.9114 0.8909 0.9216 0.9037 0.8693 0.8451 0.8595 0.9071 0.8866 0.9048 0.8999 0.9024 0.8667 0.8909 0.8851 0.8613 0.9071 0.8536 0.8754 0.9207 0.8866 0.9197 0.9146 0.8923 0.8451 0.7971 0.8285 0.8704 0.9377 0.8613 0.8613 0.8895 0.9071 0.8923 0.8770 0.8449 0.7971 0.8923 0.8770 0.8936 0.8909 0.8801 0.8613 0.9048 0.9082 0.8786 0.8803 0.8786
CEQ_WONG                     0.9349 0.8667 0.8472 0.7994 0.8449 0.7453 0.7615 0.8114 0.9207 0.8721 0.8648 0.7994 0.8576 0.9114 0.9233 0.8686 0.8308 0.0000 0.8556 0.8648 0.7849 0.8492 0.8472 0.8631 0.8331 0.8851 0.8315 0.9040 0.9342 0.7258 0.6354 0.8331 0.8648 0.8949 0.9146 0.8648 0.8352 0.8576 0.8140 0.6198 0.8394 0.8770 0.8530 0.8492 0.7451 0.7283 0.8895 0.8909 0.7966 0.8866 0.8492 0.8721 0.8059 0.7652 0.8595 0.8114 0.8738 0.8770 0.8261 0.8185 0.7966 0.8492 0.8165 0.8472 0.9349 0.8819 0.7498 0.8331 0.8665 0.8261 0.9093 0.8613 0.8074 0.8492 0.8949 0.8492 0.8511 0.8595 0.8401 0.9342 0.8308 0.9216 0.8415 0.8472 0.8648 0.9207 0.8849 0.8492 0.8786 0.8492 0.8576 0.9216 0.9327 0.9197 0.8704 0.7787 0.8556 0.8492 0.8648 0.7876 0.8631 0.9082 0.9048 0.8613 0.9012 0.8331 0.7637 0.7652 0.7060 0.7876 0.9258 0.7818 0.7818 0.8770 0.8492 0.7994 0.7994 0.7742 0.9037 0.8331 0.8331 0.6903 0.8140 0.8530 0.8331 0.8613 0.8665 0.8648 0.8494 0.8472
CHENG                        0.8985 0.8731 0.8711 0.5781 0.8691 0.8608 0.8768 0.8315 0.8819 0.8608 0.5233 0.6290 0.7456 0.8738 0.9024 0.7548 0.8851 0.8556 0.0000 0.8001 0.6589 0.6290 0.8711 0.7371 0.8704 0.7976 0.8731 0.8682 0.8971 0.8704 0.8236 0.4942 0.3295 0.9024 0.9074 0.7811 0.6816 0.7236 0.8515 0.8866 0.8595 0.8835 0.8738 0.7811 0.8001 0.9074 0.8971 0.8648 0.8686 0.7589 0.7203 0.7630 0.8629 0.8425 0.3953 0.8315 0.4512 0.3369 0.8648 0.8209 0.8339 0.7413 0.8704 0.8711 0.8985 0.8895 0.8895 0.8363 0.7844 0.8101 0.8704 0.7939 0.8754 0.7413 0.4639 0.7413 0.7248 0.2411 0.7962 0.8971 0.6936 0.8835 0.8285 0.8686 0.8536 0.8819 0.8039 0.8185 0.8686 0.8866 0.7668 0.8835 0.8942 0.8803 0.8587 0.6223 0.7630 0.8001 0.8704 0.8449 0.8158 0.8851 0.8449 0.3369 0.8750 0.6763 0.8001 0.7630 0.8001 0.8803 0.9060 0.6987 0.6290 0.3369 0.7615 0.6040 0.8363 0.7504 0.8957 0.7811 0.6763 0.9335 0.9012 0.8059 0.8536 0.9157 0.8881 0.8711 0.8731 0.8711
CHONG_H                      0.9342 0.9146 0.9135 0.8140 0.9123 0.8866 0.9012 0.8430 0.9342 0.8536 0.7966 0.7966 0.8211 0.9103 0.9499 0.8835 0.8613 0.8648 0.8001 0.0000 0.7994 0.8308 0.9135 0.8770 0.9082 0.8999 0.8819 0.9030 0.9335 0.8936 0.8363 0.8140 0.7787 0.8308 0.9448 0.3953 0.7818 0.8556 0.8451 0.8631 0.8829 0.8754 0.8961 0.8308 0.7966 0.8803 0.9478 0.9048 0.9071 0.9012 0.8140 0.8185 0.8721 0.8704 0.8059 0.8754 0.7844 0.8087 0.8895 0.8339 0.8923 0.8140 0.9082 0.9135 0.9342 0.8971 0.8803 0.8631 0.8492 0.8895 0.9082 0.8595 0.8973 0.8308 0.7966 0.8472 0.8165 0.8059 0.8525 0.9335 0.8285 0.9349 0.9123 0.8770 0.9082 0.9342 0.5474 0.5648 0.8923 0.9082 0.8881 0.9349 0.9319 0.9335 0.8686 0.8285 0.9024 0.8308 0.9082 0.8386 0.5035 0.9216 0.4744 0.8261 0.9311 0.8308 0.8140 0.8001 0.8472 0.8386 0.9383 0.8472 0.8308 0.7907 0.8140 0.8308 0.8936 0.8290 0.8866 0.8472 0.8140 0.8949 0.8923 0.8352 0.8786 0.8909 0.8801 0.8971 0.9146 0.9135
CHRAU                        0.9060 0.8315 0.8290 0.5211 0.8072 0.8556 0.8866 0.7755 0.8909 0.8386 0.6643 0.6855 0.7876 0.8682 0.8648 0.5426 0.8786 0.7849 0.6589 0.7994 0.0000 0.6643 0.8101 0.8308 0.8492 0.5968 0.8130 0.8633 0.9048 0.8492 0.8386 0.6424 0.6643 0.8648 0.9146 0.7818 0.6903 0.7291 0.8140 0.8492 0.8236 0.8613 0.8530 0.8331 0.7994 0.8985 0.8895 0.8430 0.8308 0.5512 0.7258 0.7844 0.8409 0.8386 0.6476 0.7937 0.6646 0.6967 0.8430 0.8001 0.7787 0.7451 0.8331 0.8101 0.9060 0.8472 0.9146 0.8165 0.7488 0.7333 0.8801 0.8285 0.8698 0.7258 0.7060 0.7060 0.7299 0.6701 0.7311 0.9048 0.7413 0.8923 0.8415 0.8308 0.7637 0.8909 0.8455 0.7818 0.8140 0.8648 0.5132 0.8923 0.9024 0.8895 0.8363 0.6366 0.5595 0.7637 0.8331 0.8409 0.7966 0.8936 0.8409 0.6754 0.8686 0.7060 0.7994 0.8031 0.8165 0.8738 0.9123 0.5722 0.5211 0.6967 0.7818 0.4942 0.8648 0.7939 0.8721 0.7637 0.7258 0.8961 0.8140 0.7878 0.7994 0.8923 0.8665 0.8290 0.7939 0.7907
CUA                          0.9197 0.8819 0.8629 0.5896 0.8608 0.8536 0.8686 0.8087 0.9197 0.9024 0.6589 0.7014 0.7844 0.8665 0.8308 0.7328 0.8770 0.8492 0.6290 0.8308 0.6643 0.0000 0.8629 0.8114 0.8786 0.7538 0.8648 0.9030 0.9188 0.8308 0.8536 0.5391 0.6589 0.8936 0.9135 0.7966 0.6643 0.7652 0.8285 0.8308 0.8213 0.8754 0.8961 0.8308 0.8140 0.8803 0.9188 0.8738 0.8613 0.7578 0.7014 0.7413 0.8556 0.8704 0.6177 0.8595 0.6354 0.6701 0.8738 0.8158 0.8114 0.7787 0.8631 0.8629 0.9197 0.8971 0.9135 0.8140 0.7637 0.7687 0.9082 0.8261 0.8530 0.7413 0.7014 0.7603 0.6855 0.6177 0.7775 0.9188 0.6967 0.9207 0.8843 0.8613 0.7966 0.9197 0.8297 0.8308 0.8770 0.8936 0.7248 0.9207 0.9168 0.9188 0.9012 0.6533 0.7413 0.7603 0.8631 0.8556 0.8451 0.9216 0.8556 0.6701 0.8835 0.6366 0.8308 0.8001 0.8140 0.8881 0.9250 0.6805 0.6135 0.6476 0.7966 0.6366 0.8936 0.7907 0.8866 0.8140 0.6135 0.8949 0.8923 0.8189 0.8631 0.9349 0.8801 0.8803 0.8648 0.8629
DAMANGNUO_WA                 0.9428 0.1977 0.1744 0.8449 0.0927 0.8119 0.8295 0.8009 0.9428 0.8895 0.8971 0.8449 0.8912 0.9157 0.8263 0.9046 0.8786 0.8472 0.8711 0.9135 0.8101 0.8629 0.0000 0.8041 0.7236 0.9046 0.3381 0.9216 0.9420 0.8263 0.8119 0.8449 0.8803 0.9448 0.9202 0.9135 0.8290 0.9087 0.6713 0.8803 0.8339 0.8942 0.8667 0.8803 0.7456 0.8825 0.9420 0.9428 0.8236 0.9060 0.8072 0.8119 0.6783 0.8520 0.8927 0.5850 0.8912 0.8942 0.8566 0.8087 0.7839 0.8072 0.8629 0.0618 0.9428 0.4055 0.8205 0.8629 0.8648 0.8566 0.9135 0.8587 0.8851 0.8629 0.8971 0.8449 0.8101 0.8927 0.8511 0.9420 0.8236 0.9434 0.7811 0.6955 0.8971 0.9428 0.9133 0.8629 0.6202 0.8629 0.8912 0.9434 0.9405 0.9420 0.9405 0.8608 0.8711 0.8072 0.6772 0.8544 0.8786 0.9285 0.9580 0.8768 0.9225 0.8629 0.8449 0.7907 0.8971 0.8544 0.9319 0.8072 0.8263 0.8942 0.8803 0.8449 0.8263 0.8843 0.8895 0.8629 0.8449 0.9302 0.7413 0.8315 0.3819 0.9112 0.7498 0.2259 0.0899 0.0618
DANAW                        0.9478 0.8263 0.8041 0.8114 0.8009 0.8686 0.8835 0.7492 0.9478 0.9012 0.7937 0.7755 0.8185 0.9233 0.8923 0.9146 0.9207 0.8631 0.7371 0.8770 0.8308 0.8114 0.8041 0.0000 0.7937 0.9146 0.8072 0.9407 0.9472 0.8451 0.7777 0.7567 0.7174 0.9071 0.9441 0.8285 0.7603 0.8536 0.7722 0.8923 0.8665 0.8738 0.8492 0.8613 0.8114 0.9285 0.9613 0.9335 0.8595 0.8999 0.7374 0.7971 0.8363 0.8851 0.7652 0.7687 0.7811 0.7291 0.8556 0.8835 0.8595 0.7937 0.9071 0.8041 0.9478 0.8425 0.8957 0.8923 0.8472 0.8211 0.9357 0.8738 0.9242 0.7755 0.7937 0.8114 0.7413 0.7248 0.8648 0.9472 0.8087 0.9483 0.7338 0.7722 0.9071 0.9478 0.8558 0.8770 0.8430 0.8451 0.9024 0.9483 0.9460 0.9472 0.9311 0.8087 0.8851 0.8770 0.7755 0.8704 0.8754 0.9349 0.9024 0.7492 0.9146 0.8285 0.8770 0.8339 0.8613 0.8866 0.9377 0.8285 0.8114 0.7492 0.8451 0.7937 0.8923 0.8449 0.9168 0.7937 0.7937 0.9499 0.8087 0.8331 0.7755 0.8738 0.8936 0.8041 0.8072 0.8041
DEANG_2                      0.9483 0.7498 0.7236 0.8631 0.7188 0.8536 0.8515 0.8087 0.9483 0.8866 0.8786 0.8472 0.8881 0.9242 0.8308 0.9157 0.8923 0.8331 0.8704 0.9082 0.8492 0.8786 0.7236 0.7937 0.0000 0.8835 0.7060 0.9161 0.9335 0.8472 0.8185 0.8308 0.8786 0.9630 0.9294 0.8936 0.8492 0.8881 0.7755 0.8786 0.8530 0.9060 0.8511 0.8308 0.7413 0.8803 0.9478 0.9483 0.8451 0.9168 0.8472 0.8536 0.7652 0.8704 0.8738 0.6919 0.8881 0.8909 0.8409 0.8851 0.8285 0.8472 0.8472 0.7236 0.9483 0.7668 0.8263 0.8472 0.8331 0.8059 0.9082 0.8595 0.8682 0.8631 0.9082 0.8472 0.8492 0.8895 0.8236 0.9478 0.8770 0.9488 0.5453 0.4457 0.9082 0.9483 0.9210 0.8786 0.7174 0.8308 0.9037 0.9488 0.9466 0.9478 0.9168 0.8451 0.8866 0.8631 0.5648 0.8721 0.8923 0.9357 0.9478 0.8909 0.8999 0.8631 0.8786 0.8363 0.8631 0.9037 0.9250 0.8472 0.8472 0.8909 0.8308 0.8472 0.8786 0.8819 0.9327 0.8472 0.8472 0.9370 0.7755 0.8511 0.6366 0.8754 0.8331 0.7668 0.7283 0.7236
GAR                          0.9441 0.9060 0.9046 0.6649 0.9032 0.9428 0.9420 0.8971 0.9285 0.8750 0.8130 0.7742 0.8401 0.8866 0.8999 0.4236 0.8985 0.8851 0.7976 0.8999 0.5968 0.7538 0.9046 0.9146 0.8835 0.0000 0.8879 0.9233 0.9434 0.9311 0.8927 0.7328 0.7939 0.9157 0.9398 0.8835 0.7971 0.8401 0.9146 0.9157 0.9037 0.9294 0.9024 0.8999 0.8667 0.9398 0.9589 0.8957 0.8472 0.3212 0.8130 0.8750 0.8587 0.9266 0.7839 0.8971 0.8009 0.8072 0.8786 0.8731 0.8290 0.8835 0.9311 0.9046 0.9441 0.9225 0.9565 0.8130 0.8339 0.8608 0.9311 0.9448 0.8881 0.8130 0.8130 0.8315 0.8339 0.8041 0.8394 0.9434 0.8290 0.9294 0.8895 0.8819 0.8494 0.9285 0.9152 0.8999 0.8819 0.9157 0.3908 0.9294 0.9420 0.9275 0.8912 0.8101 0.2081 0.8999 0.8999 0.9275 0.8985 0.9302 0.8942 0.8263 0.9074 0.8315 0.8835 0.8750 0.8667 0.9589 0.9335 0.6883 0.6883 0.8072 0.8667 0.6649 0.9460 0.8691 0.9099 0.8999 0.7939 0.9319 0.8819 0.9178 0.8999 0.9597 0.8851 0.9046 0.9060 0.9046
GUANSHUANG_WA                0.9434 0.3548 0.3801 0.8472 0.3206 0.8150 0.8323 0.8041 0.9434 0.8731 0.8985 0.8472 0.8927 0.9012 0.8101 0.9060 0.8629 0.8315 0.8731 0.8819 0.8130 0.8648 0.3381 0.8072 0.7060 0.8879 0.0000 0.9225 0.9428 0.8290 0.7942 0.8290 0.8819 0.9302 0.9214 0.8985 0.8494 0.9099 0.6527 0.8819 0.8185 0.8786 0.8686 0.8819 0.7060 0.8843 0.9428 0.9434 0.8263 0.9074 0.8101 0.8150 0.6589 0.8544 0.8942 0.5648 0.8927 0.8957 0.8587 0.8119 0.7668 0.7907 0.8472 0.2938 0.9434 0.4942 0.8236 0.8648 0.8315 0.8009 0.9146 0.8425 0.8704 0.8648 0.8985 0.8101 0.8130 0.8942 0.7878 0.9428 0.8263 0.9441 0.7844 0.6772 0.8985 0.9434 0.8870 0.8290 0.5733 0.8648 0.8927 0.9441 0.9413 0.9428 0.9413 0.8629 0.8544 0.7907 0.6829 0.8566 0.8449 0.9294 0.9428 0.8786 0.9236 0.8472 0.8290 0.7942 0.8819 0.8566 0.9472 0.8290 0.8290 0.8957 0.8819 0.8472 0.8290 0.8861 0.8731 0.8648 0.8290 0.9311 0.7008 0.8158 0.3594 0.8957 0.7939 0.4201 0.3548 0.3381
HO                           0.4765 0.9225 0.9216 0.8758 0.9207 0.9250 0.9103 0.9142 0.4765 0.7703 0.8895 0.8617 0.8843 0.8786 0.9535 0.9093 0.9019 0.9040 0.8682 0.9030 0.8633 0.9030 0.9216 0.9407 0.9161 0.9233 0.9225 0.0000 0.4393 0.9413 0.9250 0.8758 0.8758 0.8617 0.8285 0.9161 0.8772 0.8548 0.9152 0.9288 0.9547 0.8728 0.9178 0.8895 0.8758 0.9357 0.5202 0.6641 0.8883 0.9242 0.8758 0.8829 0.9258 0.9114 0.8857 0.9008 0.8843 0.8870 0.9133 0.8961 0.8743 0.9030 0.9161 0.9216 0.5029 0.9357 0.9216 0.8758 0.8772 0.9133 0.3357 0.8728 0.9060 0.8758 0.8617 0.8617 0.8633 0.8713 0.8390 0.4942 0.8743 0.4313 0.9316 0.9407 0.9161 0.4765 0.9043 0.8758 0.9152 0.9161 0.9123 0.4313 0.5032 0.4672 0.8022 0.8302 0.9114 0.8617 0.9413 0.8985 0.8453 0.4682 0.9258 0.8870 0.8165 0.8617 0.8758 0.8973 0.8758 0.9123 0.8087 0.8617 0.8758 0.8870 0.8758 0.8617 0.9161 0.8786 0.9513 0.8617 0.9161 0.9040 0.9531 0.9050 0.9161 0.9142 0.9419 0.9494 0.9225 0.9216
JABRI_SANTALI                0.1267 0.9428 0.9420 0.9037 0.9413 0.9135 0.9285 0.9012 0.1730 0.8072 0.9188 0.8881 0.9302 0.9207 0.9752 0.9434 0.9024 0.9342 0.8971 0.9335 0.9048 0.9188 0.9420 0.9472 0.9335 0.9434 0.9428 0.4393 0.0000 0.9478 0.9448 0.9037 0.9037 0.8881 0.7727 0.9335 0.9048 0.8819 0.9613 0.9335 0.9357 0.8686 0.9488 0.9335 0.9037 0.9256 0.2824 0.6883 0.8866 0.9441 0.9037 0.8971 0.9302 0.9294 0.9157 0.9319 0.9146 0.9168 0.9311 0.9123 0.9024 0.9037 0.8721 0.9420 0.1730 0.9580 0.9256 0.9037 0.9048 0.9157 0.3075 0.8686 0.9216 0.9037 0.9037 0.8881 0.9048 0.8999 0.9019 0.1040 0.9024 0.1483 0.9499 0.9613 0.9188 0.1730 0.8919 0.8881 0.9327 0.9335 0.9454 0.1483 0.1069 0.1521 0.8236 0.9024 0.9294 0.8881 0.9617 0.8985 0.8866 0.3653 0.9454 0.9012 0.7368 0.9478 0.9037 0.9135 0.8881 0.9146 0.7755 0.8881 0.9037 0.9168 0.9188 0.9188 0.9335 0.8927 0.9294 0.8556 0.9335 0.9048 0.9472 0.8909 0.9478 0.9168 0.9620 0.9420 0.9428 0.9420
JAHAI                        0.9483 0.8472 0.8263 0.8308 0.8236 0.6987 0.6223 0.8595 0.9483 0.9327 0.8936 0.8631 0.9037 0.9242 0.9225 0.9157 0.8770 0.7258 0.8704 0.8936 0.8492 0.8308 0.8263 0.8451 0.8472 0.9311 0.8290 0.9413 0.9478 0.0000 0.6530 0.8308 0.8786 0.9364 0.9135 0.9082 0.8492 0.9188 0.7937 0.7014 0.9114 0.9060 0.9242 0.8936 0.7966 0.7008 0.9188 0.9483 0.8770 0.9168 0.8472 0.8536 0.8386 0.6763 0.8895 0.8430 0.8881 0.8754 0.9197 0.7777 0.8613 0.7966 0.8786 0.8263 0.9483 0.8629 0.7008 0.8786 0.8492 0.8236 0.9364 0.8595 0.8682 0.8936 0.9082 0.8140 0.8331 0.8895 0.8525 0.9478 0.8770 0.9488 0.8394 0.8451 0.9082 0.9483 0.9328 0.8936 0.8451 0.9225 0.9037 0.9488 0.9466 0.9478 0.8851 0.8285 0.8866 0.8140 0.8472 0.7036 0.8923 0.9357 0.9335 0.8909 0.8999 0.8140 0.7413 0.6987 0.8308 0.7036 0.9250 0.8631 0.7966 0.9060 0.8786 0.8472 0.7014 0.7907 0.8866 0.8786 0.8140 0.7451 0.8923 0.8022 0.8308 0.9207 0.8949 0.8449 0.8290 0.8263
JAH_HUT                      0.9454 0.8350 0.8119 0.8363 0.8087 0.7630 0.7138 0.8315 0.9302 0.8786 0.8704 0.7811 0.8263 0.9048 0.9178 0.9099 0.8515 0.6354 0.8236 0.8363 0.8386 0.8536 0.8119 0.7777 0.8185 0.8927 0.7942 0.9250 0.9448 0.6530 0.0000 0.8185 0.8185 0.9178 0.9246 0.8704 0.8031 0.8971 0.7777 0.7811 0.8595 0.8667 0.8409 0.8363 0.7203 0.7687 0.9448 0.9302 0.8686 0.9275 0.8185 0.8236 0.7873 0.6202 0.8472 0.7742 0.8629 0.8130 0.7907 0.7589 0.8515 0.8185 0.8363 0.8119 0.9454 0.8323 0.7687 0.8185 0.8881 0.8648 0.9178 0.8494 0.8595 0.8363 0.8704 0.8536 0.8211 0.8472 0.8728 0.9448 0.8158 0.9311 0.8114 0.8158 0.8536 0.9302 0.8772 0.8536 0.8339 0.8363 0.8971 0.9311 0.9434 0.9294 0.9112 0.8158 0.8786 0.8185 0.8185 0.6527 0.8515 0.9168 0.9135 0.8494 0.9266 0.8536 0.6530 0.6955 0.8001 0.7236 0.9488 0.8363 0.8001 0.8315 0.8363 0.8001 0.6530 0.7942 0.8957 0.8536 0.8001 0.7844 0.8158 0.8236 0.8001 0.8667 0.8556 0.8119 0.8150 0.8119
JEH_2                        0.9197 0.8290 0.8449 0.5125 0.8425 0.8363 0.8515 0.8087 0.9048 0.8866 0.5896 0.5896 0.7248 0.8815 0.8631 0.7328 0.8770 0.8331 0.4942 0.8140 0.6424 0.5391 0.8449 0.7567 0.8308 0.7328 0.8290 0.8758 0.9037 0.8308 0.8185 0.0000 0.4849 0.8936 0.9135 0.7787 0.6424 0.7652 0.8285 0.8631 0.8213 0.8595 0.8665 0.7603 0.7217 0.9135 0.9335 0.8576 0.8451 0.7371 0.7014 0.7615 0.8031 0.8001 0.5408 0.8261 0.5322 0.4651 0.8409 0.7971 0.7755 0.7603 0.8631 0.8263 0.9197 0.8803 0.8629 0.8308 0.7451 0.7291 0.8786 0.8261 0.8530 0.7014 0.6135 0.7014 0.6855 0.4845 0.7613 0.9188 0.6533 0.9060 0.8236 0.8285 0.8140 0.9048 0.8007 0.8140 0.8285 0.8786 0.7248 0.9060 0.9168 0.9037 0.8686 0.5571 0.7203 0.7787 0.8308 0.8211 0.7937 0.9071 0.8386 0.5751 0.8835 0.6135 0.7966 0.7615 0.7787 0.8556 0.9250 0.6589 0.6135 0.5222 0.7014 0.6135 0.8786 0.7498 0.8866 0.7787 0.5896 0.9093 0.8770 0.7849 0.7966 0.9060 0.8648 0.8449 0.8472 0.8449
JRU                          0.9048 0.8819 0.8803 0.5896 0.8786 0.8536 0.8851 0.8261 0.8895 0.8536 0.4562 0.6366 0.7453 0.8815 0.9225 0.7742 0.8770 0.8648 0.3295 0.7787 0.6643 0.6589 0.8803 0.7174 0.8786 0.7939 0.8819 0.8758 0.9037 0.8786 0.8185 0.4849 0.0000 0.8631 0.9135 0.7413 0.6643 0.7248 0.8613 0.8936 0.8682 0.8595 0.8665 0.7413 0.7787 0.9294 0.9188 0.8576 0.8613 0.7777 0.6805 0.7203 0.8721 0.8185 0.3575 0.8261 0.3438 0.2636 0.8576 0.8158 0.8285 0.7787 0.8936 0.8803 0.9048 0.8971 0.8803 0.8140 0.7637 0.8059 0.8786 0.8087 0.8682 0.7014 0.2944 0.7217 0.6855 0.2855 0.7775 0.9037 0.7174 0.8909 0.8548 0.8613 0.8631 0.8895 0.7543 0.7787 0.8613 0.8936 0.7844 0.8909 0.9012 0.8881 0.8339 0.6754 0.7811 0.8140 0.8786 0.8211 0.7755 0.8923 0.8031 0.3365 0.8835 0.7217 0.7966 0.7615 0.7966 0.8721 0.8973 0.7014 0.6135 0.2246 0.7217 0.5896 0.8472 0.7498 0.8866 0.7787 0.6805 0.9370 0.9071 0.8189 0.8472 0.9060 0.8949 0.8803 0.8819 0.8803
JUANG                        0.8895 0.9454 0.9448 0.8936 0.9441 0.9327 0.9319 0.9349 0.8895 0.8363 0.8786 0.8786 0.9188 0.8961 0.9630 0.8999 0.9216 0.8949 0.9024 0.8308 0.8648 0.8936 0.9448 0.9071 0.9630 0.9157 0.9302 0.8617 0.8881 0.9364 0.9178 0.8936 0.8631 0.0000 0.8803 0.7966 0.8949 0.9037 0.9216 0.9225 0.9513 0.8261 0.9377 0.9364 0.9225 0.9294 0.8881 0.8409 0.9216 0.9168 0.8786 0.8866 0.9188 0.9024 0.8895 0.9488 0.8721 0.8909 0.9197 0.9168 0.9216 0.8936 0.8936 0.9448 0.8895 0.9448 0.9135 0.9225 0.9093 0.9048 0.8786 0.9349 0.9114 0.9082 0.8631 0.9082 0.8801 0.8895 0.9060 0.8881 0.8923 0.8909 0.9643 0.9357 0.8786 0.8895 0.8154 0.8472 0.9494 0.9499 0.9037 0.8909 0.8851 0.8881 0.7971 0.8613 0.9178 0.8936 0.9499 0.8881 0.8285 0.8770 0.8031 0.8909 0.8667 0.8631 0.9082 0.8866 0.8786 0.9037 0.8374 0.9082 0.9082 0.8909 0.9082 0.8786 0.9364 0.8648 0.9024 0.9225 0.8786 0.9370 0.9357 0.9103 0.9499 0.9207 0.9233 0.9294 0.9454 0.9448
JURAY                        0.7976 0.9390 0.9202 0.9294 0.9190 0.9074 0.9236 0.9275 0.7976 0.8520 0.9294 0.8803 0.9420 0.8999 0.9743 0.9565 0.9123 0.9146 0.9074 0.9448 0.9146 0.9135 0.9202 0.9441 0.9294 0.9398 0.9214 0.8285 0.7727 0.9135 0.9246 0.9135 0.9135 0.8803 0.0000 0.9448 0.8985 0.9256 0.9441 0.9294 0.9609 0.8009 0.9157 0.9294 0.8803 0.9202 0.7942 0.8750 0.8957 0.9570 0.8803 0.8895 0.9087 0.9074 0.9266 0.9112 0.9256 0.9275 0.9266 0.9236 0.9123 0.8971 0.8971 0.9202 0.8180 0.9554 0.9202 0.8971 0.9146 0.9099 0.7873 0.8768 0.9168 0.8803 0.9135 0.8971 0.8819 0.9099 0.9103 0.7942 0.8957 0.7803 0.9613 0.9285 0.9135 0.7976 0.9396 0.8971 0.9441 0.9294 0.9420 0.7803 0.7870 0.7942 0.8497 0.9285 0.9246 0.8971 0.9294 0.8912 0.9285 0.8041 0.9420 0.9112 0.5391 0.9294 0.9135 0.9074 0.9135 0.9256 0.5702 0.9294 0.9135 0.9275 0.9294 0.9294 0.9294 0.9032 0.9074 0.8971 0.9135 0.9146 0.9441 0.8999 0.9294 0.9112 0.9601 0.9381 0.9214 0.9202
KASONG                       0.9342 0.9146 0.9135 0.7966 0.9123 0.8866 0.9168 0.7907 0.9342 0.8704 0.7603 0.7966 0.8211 0.8961 0.9082 0.8667 0.8613 0.8648 0.7811 0.3953 0.7818 0.7966 0.9135 0.8285 0.8936 0.8835 0.8985 0.9161 0.9335 0.9082 0.8704 0.7787 0.7413 0.7966 0.9448 0.0000 0.7818 0.8556 0.8923 0.8631 0.8530 0.8754 0.8815 0.7966 0.7966 0.8971 0.9478 0.8895 0.8923 0.8851 0.7966 0.8001 0.8721 0.8704 0.7687 0.9060 0.7652 0.7722 0.8895 0.8515 0.8114 0.8472 0.9082 0.9135 0.9342 0.8971 0.8629 0.8472 0.7994 0.8236 0.9082 0.8754 0.8973 0.8308 0.7787 0.8308 0.7994 0.7687 0.8236 0.9335 0.8285 0.9349 0.8985 0.8613 0.8936 0.9342 0.4020 0.5125 0.9071 0.8936 0.8721 0.9349 0.9168 0.9335 0.8686 0.8114 0.8866 0.8631 0.8936 0.8556 0.4151 0.9216 0.4438 0.7530 0.9157 0.8140 0.8472 0.7811 0.8308 0.8556 0.9250 0.8140 0.8140 0.7722 0.7787 0.7966 0.8936 0.7907 0.8866 0.8308 0.7966 0.9093 0.8923 0.8511 0.9082 0.8754 0.8801 0.8971 0.9146 0.9135
KATU                         0.9060 0.8494 0.8290 0.6855 0.8263 0.8556 0.8866 0.7374 0.8909 0.8211 0.6855 0.4662 0.5132 0.9114 0.8801 0.7971 0.8472 0.8352 0.6816 0.7818 0.6903 0.6643 0.8290 0.7603 0.8492 0.7971 0.8494 0.8772 0.9048 0.8492 0.8031 0.6424 0.6643 0.8949 0.8985 0.7818 0.0000 0.5408 0.8308 0.8648 0.8548 0.8451 0.8048 0.7451 0.7258 0.9146 0.9197 0.8430 0.8631 0.8185 0.5211 0.6354 0.8576 0.8386 0.6701 0.7937 0.6416 0.6533 0.8087 0.8001 0.7603 0.7060 0.8648 0.8290 0.9060 0.8648 0.8819 0.7994 0.7849 0.8087 0.8801 0.7755 0.8394 0.4070 0.7258 0.7258 0.5549 0.6476 0.7643 0.9048 0.4264 0.8923 0.8566 0.8308 0.8165 0.8909 0.8031 0.7637 0.8472 0.8331 0.7876 0.8923 0.9024 0.8895 0.8363 0.7014 0.7652 0.7451 0.8331 0.8576 0.7966 0.8936 0.8236 0.6967 0.8515 0.7818 0.8165 0.7844 0.7818 0.8576 0.8843 0.7060 0.6643 0.6533 0.7451 0.6855 0.8801 0.7328 0.8881 0.7451 0.7451 0.9103 0.8786 0.7878 0.7994 0.8770 0.8961 0.8648 0.8315 0.8290
KATU_EASTERN                 0.8835 0.9099 0.9087 0.7652 0.9074 0.9135 0.9123 0.8686 0.8667 0.8263 0.7453 0.6816 0.7060 0.9060 0.9037 0.8209 0.9024 0.8576 0.7236 0.8556 0.7291 0.7652 0.9087 0.8536 0.8881 0.8401 0.9099 0.8548 0.8819 0.9188 0.8971 0.7652 0.7248 0.9037 0.9256 0.8556 0.5408 0.0000 0.8866 0.8881 0.8770 0.8851 0.8909 0.8211 0.8211 0.9256 0.8819 0.8494 0.9024 0.8425 0.7248 0.7873 0.9146 0.9135 0.7328 0.8686 0.7060 0.7371 0.8999 0.8957 0.8363 0.8031 0.8881 0.9087 0.8835 0.9256 0.9420 0.8211 0.7876 0.7939 0.8721 0.8158 0.8923 0.6589 0.7453 0.7652 0.7083 0.7109 0.7656 0.8819 0.6530 0.8686 0.9082 0.9024 0.8721 0.8667 0.8508 0.8556 0.9024 0.9037 0.8290 0.8686 0.8786 0.8648 0.8041 0.7413 0.8449 0.8031 0.9188 0.9146 0.8536 0.8866 0.8819 0.7578 0.8768 0.8031 0.8881 0.8803 0.8386 0.9454 0.8923 0.7453 0.7652 0.7578 0.7844 0.7453 0.9188 0.8180 0.9294 0.8211 0.8031 0.9197 0.9024 0.8595 0.8721 0.9168 0.9342 0.9420 0.9099 0.9087
KEMIE                        0.9617 0.7008 0.6713 0.8613 0.6653 0.8339 0.8315 0.8059 0.9617 0.8851 0.8770 0.8285 0.8704 0.8949 0.8285 0.8985 0.8261 0.8140 0.8515 0.8451 0.8140 0.8285 0.6713 0.7722 0.7755 0.9146 0.6527 0.9152 0.9613 0.7937 0.7777 0.8285 0.8613 0.9216 0.9441 0.8923 0.8308 0.8866 0.0000 0.8451 0.8815 0.8576 0.8648 0.8770 0.7937 0.8608 0.9327 0.9478 0.8754 0.8999 0.7937 0.8158 0.7203 0.8515 0.8721 0.6646 0.8866 0.8738 0.8386 0.8315 0.8430 0.8114 0.8451 0.6713 0.9617 0.6713 0.8608 0.8770 0.8631 0.8386 0.9357 0.8576 0.8665 0.8451 0.9071 0.7937 0.7787 0.8721 0.8215 0.9613 0.8261 0.9620 0.7878 0.7530 0.8613 0.9617 0.8693 0.8770 0.7129 0.8613 0.8866 0.9620 0.9605 0.9613 0.9157 0.8430 0.8686 0.8114 0.7174 0.8363 0.8595 0.9488 0.9178 0.8895 0.9454 0.8114 0.8285 0.7971 0.8770 0.8185 0.9637 0.8451 0.7937 0.8895 0.8613 0.8285 0.8613 0.8449 0.9168 0.8285 0.8114 0.9082 0.7333 0.8492 0.6305 0.9048 0.7787 0.6713 0.6772 0.6713
KENSIW                       0.9342 0.8985 0.8803 0.8472 0.8786 0.7203 0.6469 0.8595 0.9342 0.9178 0.8786 0.8786 0.8881 0.9508 0.9499 0.8835 0.8613 0.6198 0.8866 0.8631 0.8492 0.8308 0.8803 0.8923 0.8786 0.9157 0.8819 0.9288 0.9335 0.7014 0.7811 0.8631 0.8936 0.9225 0.9294 0.8631 0.8648 0.8881 0.8451 0.0000 0.9250 0.8754 0.9242 0.8936 0.8308 0.4173 0.9037 0.9197 0.8285 0.9012 0.8936 0.9024 0.8556 0.8536 0.8738 0.8909 0.8881 0.8909 0.9197 0.8158 0.8613 0.8631 0.8936 0.8803 0.9342 0.8803 0.6772 0.8786 0.8492 0.8576 0.9225 0.9060 0.8682 0.8936 0.8936 0.8472 0.8801 0.8738 0.8525 0.9335 0.8613 0.9349 0.8985 0.8770 0.9225 0.9342 0.8964 0.8631 0.9216 0.9225 0.8881 0.9349 0.9319 0.9335 0.9012 0.8114 0.8866 0.8786 0.8936 0.8211 0.8770 0.9216 0.9335 0.8754 0.9157 0.8140 0.8308 0.7413 0.8140 0.8031 0.9250 0.8472 0.8140 0.9060 0.8786 0.8786 0.8308 0.8101 0.9327 0.8936 0.8308 0.6198 0.8923 0.8815 0.8936 0.9207 0.8949 0.8971 0.8819 0.8803
KHANG                        0.9364 0.8185 0.8515 0.8374 0.8315 0.8909 0.9048 0.7258 0.9364 0.9488 0.8682 0.8530 0.8923 0.8857 0.8213 0.8721 0.8961 0.8394 0.8595 0.8829 0.8236 0.8213 0.8339 0.8665 0.8530 0.9037 0.8185 0.9547 0.9357 0.9114 0.8595 0.8213 0.8682 0.9513 0.9609 0.8530 0.8548 0.8770 0.8815 0.9250 0.0000 0.9233 0.8997 0.8829 0.7703 0.9319 0.9357 0.9499 0.8665 0.9048 0.8682 0.8754 0.8451 0.9060 0.8631 0.8648 0.8451 0.8801 0.9082 0.9048 0.8511 0.8530 0.8682 0.8158 0.9364 0.8686 0.9012 0.8530 0.8698 0.8472 0.9513 0.8801 0.8870 0.8829 0.8973 0.8682 0.8698 0.8786 0.8707 0.9357 0.8665 0.9370 0.8302 0.8665 0.8829 0.9364 0.8620 0.8829 0.8352 0.8973 0.8613 0.9370 0.9197 0.9357 0.9620 0.8352 0.9060 0.8530 0.8682 0.9071 0.8665 0.9637 0.9071 0.8801 0.9478 0.8682 0.9250 0.8909 0.8973 0.9357 0.9767 0.8213 0.8048 0.8949 0.8973 0.8374 0.9250 0.8704 0.9207 0.8213 0.8530 0.9258 0.7671 0.8713 0.8374 0.9093 0.8698 0.8339 0.8363 0.8339
KHARIA                       0.8704 0.8957 0.8768 0.8754 0.8927 0.9157 0.9146 0.8881 0.8866 0.8130 0.8595 0.8261 0.8686 0.8936 0.9207 0.9135 0.8895 0.8770 0.8835 0.8754 0.8613 0.8754 0.8942 0.8738 0.9060 0.9294 0.8786 0.8728 0.8686 0.9060 0.8667 0.8595 0.8595 0.8261 0.8009 0.8754 0.8451 0.8851 0.8576 0.8754 0.9233 0.0000 0.8936 0.8909 0.8087 0.9112 0.8686 0.8866 0.8738 0.9302 0.8261 0.8315 0.8339 0.8667 0.8704 0.8881 0.8686 0.8881 0.8704 0.8648 0.8738 0.8754 0.8909 0.8768 0.8866 0.8942 0.8942 0.8595 0.8770 0.8866 0.8595 0.8721 0.8949 0.8595 0.8595 0.8595 0.8285 0.8704 0.8772 0.8686 0.8576 0.8881 0.9242 0.8738 0.8909 0.8866 0.8812 0.8595 0.9342 0.8909 0.9168 0.8881 0.8648 0.8851 0.8472 0.8738 0.9157 0.8595 0.8754 0.8515 0.8738 0.8576 0.9168 0.8881 0.8629 0.8909 0.8909 0.8667 0.8430 0.8686 0.8648 0.8909 0.8754 0.8881 0.8754 0.8754 0.8909 0.8425 0.9605 0.8595 0.8595 0.9494 0.9048 0.9082 0.8909 0.8881 0.8923 0.8768 0.8957 0.8942
