 24
AKAWAIO_2        0.0000 0.6297 0.7257 0.7470 0.6987 0.7812 0.6297 0.7321 0.6642 0.6878 0.7291 0.4658 0.5847 0.6485 0.6835 0.7523 0.4027 0.5208 0.6716 0.7260 0.6706 0.6245 0.7291 0.7172
APALAI           0.6297 0.0000 0.6463 0.6762 0.5436 0.6574 0.4815 0.6799 0.4806 0.4266 0.6944 0.5675 0.6179 0.5675 0.5401 0.6275 0.6131 0.6684 0.4289 0.6909 0.5433 0.3297 0.6297 0.6076
ARARA_DO_PARA    0.7257 0.6463 0.0000 0.7620 0.7497 0.7791 0.6875 0.6510 0.7172 0.6612 0.7791 0.7089 0.7791 0.7486 0.6998 0.7667 0.7291 0.7569 0.6875 0.7769 0.7089 0.6835 0.7457 0.7139
BAKAIRI          0.7470 0.6762 0.7620 0.0000 0.7011 0.8215 0.7291 0.7482 0.7830 0.7291 0.7457 0.7497 0.7925 0.7832 0.7733 0.7959 0.7832 0.7890 0.7618 0.7908 0.7832 0.7263 0.7470 0.7812
CARIJONA         0.6987 0.5436 0.7497 0.7011 0.0000 0.6835 0.6275 0.7529 0.6221 0.6184 0.7181 0.6835 0.6835 0.6443 0.7120 0.6904 0.6642 0.6944 0.4971 0.6978 0.6642 0.5814 0.6797 0.7238
ENAPA_WOROMAIPU  0.7812 0.6574 0.7791 0.8215 0.6835 0.0000 0.6762 0.8228 0.6870 0.7106 0.7925 0.7321 0.7457 0.6347 0.7405 0.3348 0.7139 0.7572 0.6574 0.7754 0.6757 0.7089 0.7106 0.7812
HIXKARYANA       0.6297 0.4815 0.6875 0.7291 0.6275 0.6762 0.0000 0.7482 0.5716 0.5361 0.7120 0.5433 0.6380 0.5907 0.6488 0.6468 0.5907 0.6684 0.5303 0.7431 0.5433 0.4732 0.6297 0.6468
IKPENG           0.7321 0.6799 0.6510 0.7482 0.7529 0.8228 0.7482 0.0000 0.7238 0.7321 0.7482 0.7350 0.7482 0.7690 0.7754 0.7975 0.7350 0.7263 0.7319 0.7925 0.7690 0.6762 0.7497 0.7682
KALINA           0.6642 0.4806 0.7172 0.7830 0.6221 0.6870 0.5716 0.7238 0.0000 0.5800 0.7210 0.6076 0.6321 0.5634 0.6425 0.6937 0.5859 0.6799 0.4806 0.6655 0.5159 0.4971 0.6236 0.6590
KAXUYANA         0.6878 0.4266 0.6612 0.7291 0.6184 0.7106 0.5361 0.7321 0.5800 0.0000 0.7470 0.6485 0.7106 0.6255 0.5959 0.6987 0.6920 0.7415 0.5361 0.7260 0.6255 0.4747 0.6197 0.6600
KUIKURO          0.7291 0.6944 0.7791 0.7457 0.7181 0.7925 0.7120 0.7482 0.7210 0.7470 0.0000 0.7497 0.7774 0.7667 0.7572 0.7959 0.7321 0.7733 0.7291 0.7908 0.7832 0.7089 0.7644 0.8101
MACUSHI          0.4658 0.5675 0.7089 0.7497 0.6835 0.7321 0.5433 0.7350 0.6076 0.6485 0.7497 0.0000 0.3764 0.6076 0.6875 0.7022 0.4143 0.4161 0.6131 0.7470 0.6310 0.5609 0.6706 0.6642
MAKUSHI          0.5847 0.6179 0.7791 0.7925 0.6835 0.7457 0.6380 0.7482 0.6321 0.7106 0.7774 0.3764 0.0000 0.6556 0.7405 0.7181 0.5182 0.4375 0.5971 0.7754 0.6951 0.6128 0.7106 0.7346
MAPOYO           0.6485 0.5675 0.7486 0.7832 0.6443 0.6347 0.5907 0.7690 0.5634 0.6255 0.7667 0.6076 0.6556 0.0000 0.6673 0.6642 0.6076 0.6673 0.6131 0.7106 0.5580 0.6076 0.5506 0.7203
MAQUIRITARI      0.6835 0.5401 0.6998 0.7733 0.7120 0.7405 0.6488 0.7754 0.6425 0.5959 0.7572 0.6875 0.7405 0.6673 0.0000 0.7291 0.7260 0.7350 0.6684 0.7203 0.6019 0.5570 0.7035 0.7291
PANARE           0.7523 0.6275 0.7667 0.7959 0.6904 0.3348 0.6468 0.7975 0.6937 0.6987 0.7959 0.7022 0.7181 0.6642 0.7291 0.0000 0.7022 0.7291 0.6468 0.7942 0.7022 0.6615 0.7172 0.7397
PEMON            0.4027 0.6131 0.7291 0.7832 0.6642 0.7139 0.5907 0.7350 0.5859 0.6920 0.7321 0.4143 0.5182 0.6076 0.7260 0.7022 0.0000 0.4460 0.5907 0.7470 0.6310 0.6076 0.6706 0.7022
TAUREPANG        0.5208 0.6684 0.7569 0.7890 0.6944 0.7572 0.6684 0.7263 0.6799 0.7415 0.7733 0.4161 0.4375 0.6673 0.7350 0.7291 0.4460 0.0000 0.6488 0.7547 0.7260 0.6642 0.7595 0.7120
TIRIYO           0.6716 0.4289 0.6875 0.7618 0.4971 0.6574 0.5303 0.7319 0.4806 0.5361 0.7291 0.6131 0.5971 0.6131 0.6684 0.6468 0.5907 0.6488 0.0000 0.6909 0.6347 0.4732 0.6297 0.6655
WAIMIRI_ATROARI  0.7260 0.6909 0.7769 0.7908 0.6978 0.7754 0.7431 0.7925 0.6655 0.7260 0.7908 0.7470 0.7754 0.7106 0.7203 0.7942 0.7470 0.7547 0.6909 0.0000 0.6297 0.7233 0.7260 0.7942
WAIWAI_2         0.6706 0.5433 0.7089 0.7832 0.6642 0.6757 0.5433 0.7690 0.5159 0.6255 0.7832 0.6310 0.6951 0.5580 0.6019 0.7022 0.6310 0.7260 0.6347 0.6297 0.0000 0.5609 0.6255 0.6642
WAYANA           0.6245 0.3297 0.6835 0.7263 0.5814 0.7089 0.4732 0.6762 0.4971 0.4747 0.7089 0.5609 0.6128 0.6076 0.5570 0.6615 0.6076 0.6642 0.4732 0.7233 0.5609 0.0000 0.6673 0.6228
YABARANA         0.7291 0.6297 0.7457 0.7470 0.6797 0.7106 0.6297 0.7497 0.6236 0.6197 0.7644 0.6706 0.7106 0.5506 0.7035 0.7172 0.6706 0.7595 0.6297 0.7260 0.6255 0.6673 0.0000 0.7690
YUKPA            0.7172 0.6076 0.7139 0.7812 0.7238 0.7812 0.6468 0.7682 0.6590 0.6600 0.8101 0.6642 0.7346 0.7203 0.7291 0.7397 0.7022 0.7120 0.6655 0.7942 0.6642 0.6228 0.7690 0.0000
