 8
AGALA    0.0000 0.7548 0.7200 0.6113 0.5538 0.7286 0.7714 0.6429
GEBUSI   0.7548 0.0000 0.3600 0.7839 0.6218 0.5727 0.4776 0.4500
HONIBO   0.7200 0.3600 0.0000 0.7138 0.5040 0.5264 0.4500 0.2571
KONAI    0.6113 0.7839 0.7138 0.0000 0.5400 0.7571 0.8000 0.6750
KUBO     0.5538 0.6218 0.5040 0.5400 0.0000 0.6362 0.6429 0.3600
ODOODEE  0.7286 0.5727 0.5264 0.7571 0.6362 0.0000 0.5727 0.5500
OIBAE    0.7714 0.4776 0.4500 0.8000 0.6429 0.5727 0.0000 0.5040
SAMO     0.6429 0.4500 0.2571 0.6750 0.3600 0.5500 0.5040 0.0000
