 16
AHEAVE             0.0000 0.5146 0.6053 0.1823 0.6410 0.5955 0.6220 0.3539 0.2954 0.5424 0.6220 0.5333 0.6220 0.5426 0.4810 0.6053
KAIPI              0.5146 0.0000 0.4774 0.5333 0.5234 0.4689 0.5182 0.4103 0.3799 0.0400 0.4982 0.2095 0.4982 0.2626 0.2790 0.4982
KARAETA_UARIPI     0.6053 0.4774 0.0000 0.6053 0.2099 0.1563 0.2290 0.4710 0.5038 0.5072 0.1601 0.4982 0.1954 0.5285 0.3945 0.1601
KEURU              0.1823 0.5333 0.6053 0.0000 0.6410 0.5955 0.6053 0.3787 0.3471 0.5424 0.6220 0.5515 0.6220 0.5600 0.4606 0.6053
LULUITERA_UARIPI   0.6410 0.5234 0.2099 0.6410 0.0000 0.2051 0.2735 0.5376 0.5470 0.5326 0.2099 0.5234 0.1758 0.5333 0.4476 0.2735
MEII2_UARIPI       0.5955 0.4689 0.1563 0.5955 0.2051 0.0000 0.2238 0.4625 0.4951 0.4982 0.2238 0.4894 0.1908 0.5007 0.3870 0.1201
MURUA_STMT_UARIPI  0.6220 0.5182 0.2290 0.6053 0.2735 0.2238 0.0000 0.5326 0.5424 0.5275 0.1954 0.5376 0.1601 0.5285 0.4625 0.2290
OPAO               0.3539 0.4103 0.4710 0.3787 0.5376 0.4625 0.5326 0.0000 0.2095 0.4406 0.5326 0.4326 0.5326 0.4668 0.3218 0.5128
OROKOLO_2          0.2954 0.3799 0.5038 0.3471 0.5470 0.4951 0.5424 0.2095 0.0000 0.4103 0.5424 0.3799 0.5424 0.4385 0.3406 0.5234
OROKOLO_KAIPI      0.5424 0.0400 0.5072 0.5424 0.5326 0.4982 0.5275 0.4406 0.4103 0.0000 0.5275 0.2140 0.5275 0.2679 0.3118 0.5275
PETOE_UARIPI       0.6220 0.4982 0.1601 0.6220 0.2099 0.2238 0.1954 0.5326 0.5424 0.5275 0.0000 0.5376 0.0842 0.5285 0.4406 0.1601
SEPOE              0.5333 0.2095 0.4982 0.5515 0.5234 0.4894 0.5376 0.4326 0.3799 0.2140 0.5376 0.0000 0.5376 0.2051 0.3314 0.5376
SIVIRI_UARIPI      0.6220 0.4982 0.1954 0.6220 0.1758 0.1908 0.1601 0.5326 0.5424 0.5275 0.0842 0.5376 0.0000 0.5285 0.4406 0.1954
TOARIPI            0.5426 0.2626 0.5285 0.5600 0.5333 0.5007 0.5285 0.4668 0.4385 0.2679 0.5285 0.2051 0.5285 0.0000 0.3956 0.5285
UARIPI             0.4810 0.2790 0.3945 0.4606 0.4476 0.3870 0.4625 0.3218 0.3406 0.3118 0.4406 0.3314 0.4406 0.3956 0.0000 0.4406
UARIPI_UARIPI      0.6053 0.4982 0.1601 0.6053 0.2735 0.1201 0.2290 0.5128 0.5234 0.5275 0.1601 0.5376 0.1954 0.5285 0.4406 0.0000
