 7
HUITOTO_MIKA    0.0000 0.4029 0.3238 0.4675 0.4855 0.8752 0.8201
HUITOTO_MINICA  0.4029 0.0000 0.3414 0.1035 0.3175 0.8658 0.8271
HUITOTO_MURUI   0.3238 0.3414 0.0000 0.4082 0.4762 0.8669 0.8000
HUITOTO_NIPODE  0.4675 0.1035 0.4082 0.0000 0.2634 0.8669 0.8287
HUITOTO_NUPODE  0.4855 0.3175 0.4762 0.2634 0.0000 0.8730 0.8163
NONUYA          0.8752 0.8658 0.8669 0.8669 0.8730 0.0000 0.9048
OCAINA          0.8201 0.8271 0.8000 0.8287 0.8163 0.9048 0.0000
