 86
BAMBARA_4                0.0000 0.7921 0.7945 0.7833 0.4795 0.7696 0.8657 0.6872 0.4501 0.8356 0.8374 0.5609 0.7643 0.8015 0.7264 0.7555 0.7114 0.7119 0.7555 0.8199 0.7833 0.7904 0.4889 0.4795 0.5163 0.8281 0.7643 0.8179 0.6989 0.6729 0.7365 0.4501 0.4305 0.6048 0.4795 0.5077 0.6341 0.4603 0.5247 0.5163 0.5077 0.8124 0.7474 0.8034 0.5215 0.8179 0.5215 0.7314 0.7643 0.5259 0.5383 0.6186 0.3948 0.7968 0.7615 0.4342 0.5247 0.7966 0.5621 0.8144 0.5163 0.5077 0.5163 0.8038 0.8375 0.5137 0.7154 0.8338 0.4195 0.4795 0.7293 0.7365 0.8301 0.6341 0.5077 0.7733 0.4501 0.6934 0.4501 0.8103 0.4795 0.5163 0.4161 0.8409 0.6131 0.7782
BANDI                    0.7921 0.0000 0.8158 0.8199 0.7605 0.8327 0.8743 0.8042 0.7402 0.8894 0.8755 0.8174 0.8179 0.8730 0.8320 0.8281 0.7888 0.8644 0.8602 0.8587 0.8509 0.8552 0.7639 0.7402 0.7440 0.8524 0.8338 0.8730 0.7801 0.7770 0.8219 0.7402 0.7440 0.7671 0.7605 0.7605 0.7491 0.7831 0.7476 0.7639 0.7402 0.5579 0.6501 0.6445 0.7306 0.8572 0.7114 0.7936 0.5327 0.7698 0.8158 0.8356 0.7966 0.8644 0.8477 0.8158 0.7476 0.5562 0.7458 0.8657 0.7440 0.7402 0.7440 0.8587 0.8982 0.7991 0.7915 0.8572 0.7605 0.7402 0.8275 0.8374 0.8704 0.7114 0.7605 0.8506 0.7402 0.7491 0.7402 0.8320 0.7402 0.7440 0.7671 0.8489 0.7306 0.8477
BANKA                    0.7945 0.8158 0.0000 0.1338 0.8017 0.8483 0.8114 0.8572 0.8197 0.8755 0.8461 0.7639 0.8657 0.8894 0.8338 0.8461 0.8427 0.8801 0.8767 0.8602 0.5952 0.5913 0.7860 0.8017 0.8042 0.8371 0.7872 0.8587 0.7639 0.8690 0.8082 0.8017 0.7860 0.8164 0.8017 0.8017 0.7872 0.8042 0.8241 0.8042 0.8197 0.8199 0.8509 0.8257 0.7524 0.8091 0.7524 0.7770 0.8356 0.8034 0.8015 0.8219 0.7641 0.8038 0.8179 0.7671 0.8241 0.8390 0.7846 0.8950 0.8219 0.8017 0.8042 0.7763 0.8453 0.7846 0.7763 0.8091 0.7639 0.8017 0.7833 0.8082 0.8390 0.7700 0.8017 0.8352 0.8017 0.7872 0.8017 0.8493 0.8017 0.8042 0.7700 0.8676 0.7524 0.8338
BANKAGOMA                0.7833 0.8199 0.1338 0.0000 0.7888 0.8375 0.7991 0.8444 0.8067 0.8630 0.8338 0.7314 0.8682 0.8914 0.8374 0.8338 0.8301 0.8682 0.8644 0.8477 0.5621 0.5363 0.7733 0.7888 0.7915 0.8241 0.7756 0.8461 0.7703 0.8556 0.7968 0.7888 0.7733 0.8055 0.7888 0.7888 0.7756 0.7915 0.8114 0.7915 0.8067 0.8238 0.8538 0.8293 0.7410 0.7966 0.7410 0.7639 0.8390 0.7927 0.7897 0.7945 0.7524 0.7921 0.7897 0.7376 0.8114 0.8261 0.7728 0.8832 0.8091 0.7888 0.7915 0.7819 0.8344 0.7728 0.7641 0.7966 0.7511 0.7888 0.7881 0.7808 0.8427 0.7756 0.7888 0.8219 0.7888 0.7756 0.7888 0.8374 0.7888 0.7915 0.7410 0.8540 0.7585 0.8219
BARALAKAKAN              0.4795 0.7605 0.8017 0.7888 0.0000 0.7728 0.8489 0.5993 0.1644 0.8311 0.7964 0.5230 0.7066 0.7705 0.7234 0.7363 0.6823 0.7274 0.7363 0.7936 0.7888 0.7791 0.1370 0.2131 0.1865 0.8219 0.7274 0.8101 0.6654 0.6045 0.6729 0.1644 0.2332 0.6282 0.1644 0.1128 0.6393 0.3196 0.1598 0.2332 0.1644 0.8042 0.7671 0.8281 0.5088 0.7497 0.5901 0.6254 0.7671 0.4885 0.5562 0.6678 0.4262 0.7671 0.7234 0.4693 0.2523 0.7846 0.5562 0.8241 0.1865 0.1644 0.1865 0.7739 0.8493 0.4693 0.6875 0.8289 0.2592 0.1128 0.7641 0.7352 0.8048 0.6151 0.2131 0.7333 0.1644 0.6625 0.3028 0.7831 0.1128 0.2332 0.3836 0.8168 0.6151 0.7440
BENG                     0.7696 0.8327 0.8483 0.8375 0.7728 0.0000 0.7671 0.7615 0.7897 0.7671 0.7858 0.7897 0.8075 0.8423 0.7904 0.8164 0.8124 0.7927 0.7858 0.7833 0.8095 0.7570 0.7756 0.7897 0.7921 0.7002 0.7123 0.7643 0.8374 0.7700 0.7970 0.7897 0.7921 0.8318 0.7728 0.7728 0.7619 0.7410 0.7945 0.8082 0.7897 0.8360 0.7775 0.8405 0.7775 0.7643 0.7619 0.7491 0.8630 0.7932 0.7904 0.8510 0.7881 0.6584 0.6727 0.7750 0.7945 0.8238 0.7750 0.7799 0.7921 0.7897 0.7921 0.7156 0.7160 0.7750 0.7833 0.7299 0.7728 0.7897 0.7597 0.7671 0.7756 0.8075 0.7555 0.6759 0.7897 0.7619 0.7897 0.8201 0.7897 0.7921 0.7775 0.7491 0.7927 0.7088
BISA                     0.8657 0.8743 0.8114 0.7991 0.8489 0.7671 0.0000 0.8524 0.8311 0.8219 0.8067 0.8661 0.8461 0.8371 0.7763 0.7703 0.8371 0.8136 0.8067 0.8219 0.8158 0.8060 0.8506 0.8311 0.8331 0.8126 0.7791 0.8197 0.8489 0.8101 0.8015 0.8311 0.8331 0.8694 0.8489 0.8489 0.8301 0.8331 0.8352 0.8331 0.8311 0.8616 0.8461 0.8657 0.8136 0.7021 0.8301 0.7671 0.8914 0.8842 0.8602 0.9064 0.8427 0.7610 0.7763 0.8281 0.8352 0.8676 0.8114 0.8477 0.8331 0.8311 0.8331 0.7066 0.7442 0.8444 0.7860 0.7639 0.8489 0.8311 0.8390 0.8015 0.6925 0.8461 0.8489 0.7056 0.8311 0.8461 0.8311 0.8114 0.8311 0.8331 0.8616 0.7671 0.8461 0.7388
BLE                      0.6872 0.8042 0.8572 0.8444 0.5993 0.7615 0.8524 0.0000 0.6262 0.8174 0.7831 0.7237 0.7733 0.7770 0.7314 0.7234 0.7148 0.7545 0.7440 0.7991 0.8114 0.8179 0.6067 0.6262 0.6329 0.7877 0.7733 0.7964 0.7671 0.5917 0.7610 0.5993 0.6329 0.7192 0.5993 0.5993 0.7151 0.6581 0.6137 0.6581 0.5993 0.8091 0.8091 0.8320 0.6729 0.8151 0.6944 0.5837 0.8261 0.7042 0.7314 0.8444 0.7066 0.8091 0.7703 0.7109 0.6137 0.8101 0.6678 0.7941 0.6067 0.5993 0.6067 0.8174 0.8524 0.6678 0.7192 0.8151 0.6521 0.5993 0.8038 0.7610 0.8470 0.7733 0.5993 0.7636 0.5993 0.6944 0.6521 0.8409 0.5993 0.6067 0.6944 0.8219 0.7733 0.7703
BODUGUKAKAN              0.4501 0.7402 0.8197 0.8067 0.1644 0.7897 0.8311 0.6262 0.0000 0.8126 0.7770 0.5230 0.7274 0.7907 0.7021 0.7148 0.6823 0.7066 0.7148 0.7739 0.7888 0.7966 0.2776 0.1644 0.2332 0.8020 0.7066 0.7907 0.6654 0.5753 0.7151 0.1128 0.0846 0.6282 0.2131 0.2592 0.6393 0.3196 0.1598 0.1865 0.1128 0.7671 0.7274 0.8114 0.4795 0.7497 0.5641 0.6529 0.7274 0.5150 0.5829 0.6897 0.4586 0.7671 0.7440 0.4378 0.2073 0.7846 0.5284 0.8241 0.1370 0.2131 0.1370 0.7739 0.8338 0.4693 0.6875 0.8470 0.2131 0.1644 0.7641 0.7545 0.8243 0.6151 0.2592 0.7561 0.1128 0.6625 0.1644 0.7440 0.1644 0.1865 0.4169 0.8168 0.5901 0.7234
BOKO                     0.8356 0.8894 0.8755 0.8630 0.8311 0.7671 0.8219 0.8174 0.8126 0.0000 0.2511 0.8126 0.8616 0.9017 0.7941 0.8241 0.8540 0.7610 0.8241 0.3122 0.8320 0.8219 0.8331 0.8311 0.8331 0.7739 0.7424 0.2158 0.8311 0.8289 0.7846 0.8311 0.8151 0.8552 0.8311 0.8311 0.8136 0.8151 0.8352 0.8506 0.8311 0.8301 0.8301 0.8356 0.8461 0.6570 0.8136 0.7877 0.8461 0.8566 0.8281 0.8923 0.8587 0.6826 0.7388 0.7941 0.8352 0.8506 0.8281 0.8158 0.8331 0.8311 0.8331 0.7274 0.7081 0.8444 0.8219 0.7021 0.8126 0.8311 0.7756 0.7846 0.7770 0.8461 0.8311 0.7497 0.8311 0.8136 0.8126 0.7388 0.8311 0.8331 0.8136 0.7671 0.8136 0.6989
BOKOBARU                 0.8374 0.8755 0.8461 0.8338 0.7964 0.7858 0.8067 0.7831 0.7770 0.2511 0.0000 0.8331 0.8320 0.8717 0.7610 0.7915 0.8219 0.7641 0.7915 0.2105 0.8179 0.8238 0.8174 0.7964 0.7991 0.7770 0.6872 0.3122 0.8331 0.8311 0.7700 0.7964 0.7801 0.8275 0.8151 0.8151 0.8158 0.7991 0.8197 0.8352 0.8151 0.8158 0.8320 0.8374 0.7991 0.6151 0.7991 0.7705 0.8477 0.8293 0.8301 0.8932 0.8444 0.6448 0.7424 0.7966 0.8197 0.8352 0.8301 0.7846 0.8174 0.8151 0.8174 0.7314 0.7299 0.8136 0.7888 0.6849 0.8151 0.7964 0.8103 0.7700 0.7991 0.8320 0.8151 0.7103 0.7964 0.8158 0.8151 0.6826 0.7964 0.8174 0.8158 0.7497 0.8158 0.6613
BOLON                    0.5609 0.8174 0.7639 0.7314 0.5230 0.7897 0.8661 0.7237 0.5230 0.8126 0.8331 0.0000 0.7860 0.8470 0.7639 0.7770 0.7705 0.7476 0.7964 0.8126 0.7703 0.7610 0.5012 0.5540 0.5917 0.8020 0.7476 0.8101 0.6904 0.6325 0.7545 0.5230 0.5012 0.6917 0.4906 0.5230 0.6625 0.5012 0.5114 0.5012 0.5230 0.8390 0.8219 0.8602 0.5370 0.7907 0.5901 0.7045 0.8042 0.5888 0.5829 0.6897 0.5479 0.7671 0.7234 0.4049 0.5114 0.8048 0.5829 0.8241 0.5327 0.5540 0.5012 0.7936 0.8179 0.5829 0.7323 0.8470 0.4566 0.5540 0.7458 0.6944 0.7846 0.6393 0.4566 0.7333 0.5230 0.6849 0.5230 0.8197 0.5540 0.5012 0.4795 0.8168 0.6393 0.7440
BOZO_HAINYAHO            0.7643 0.8179 0.8657 0.8682 0.7066 0.8075 0.8461 0.7733 0.7274 0.8616 0.8320 0.7860 0.0000 0.3876 0.6117 0.7074 0.6778 0.5479 0.5993 0.8461 0.8538 0.8580 0.7314 0.7066 0.7109 0.8042 0.7897 0.8602 0.7860 0.7440 0.7442 0.7066 0.7314 0.7725 0.7274 0.7274 0.7897 0.7109 0.7352 0.7109 0.7274 0.8219 0.7728 0.8124 0.7728 0.8281 0.7555 0.7991 0.8219 0.7591 0.7700 0.7585 0.7491 0.8060 0.8038 0.7872 0.7151 0.8067 0.7872 0.8238 0.7314 0.7274 0.7314 0.8461 0.8468 0.7524 0.7966 0.8444 0.7476 0.7066 0.8013 0.7264 0.8730 0.7555 0.7274 0.8197 0.7066 0.7897 0.7476 0.8038 0.7066 0.7314 0.7376 0.8690 0.7555 0.7872
BOZO_HAINYAXO            0.8015 0.8730 0.8894 0.8914 0.7705 0.8423 0.8371 0.7770 0.7907 0.9017 0.8717 0.8470 0.3876 0.0000 0.6944 0.7066 0.6513 0.5860 0.5370 0.8704 0.8461 0.8657 0.7936 0.7705 0.7739 0.8289 0.8281 0.8851 0.8101 0.8075 0.7458 0.7705 0.7936 0.8238 0.7907 0.7907 0.8281 0.7936 0.7964 0.7739 0.7907 0.8444 0.8444 0.8493 0.8281 0.8524 0.8281 0.8243 0.8904 0.8257 0.7915 0.7966 0.7703 0.8444 0.8091 0.8427 0.7770 0.8489 0.8261 0.8616 0.7936 0.7907 0.7936 0.8704 0.8390 0.7915 0.8371 0.8851 0.8101 0.7705 0.8374 0.7819 0.8828 0.8114 0.7907 0.8630 0.7705 0.8281 0.8101 0.8261 0.7705 0.7936 0.8114 0.9125 0.8114 0.8091
BOZO_JENAAMA             0.7264 0.8320 0.8338 0.8374 0.7234 0.7904 0.7763 0.7314 0.7021 0.7941 0.7610 0.7639 0.6117 0.6944 0.0000 0.3335 0.5532 0.5888 0.5163 0.7763 0.8374 0.8124 0.7274 0.7234 0.7274 0.7639 0.7342 0.7915 0.7234 0.6748 0.7410 0.7234 0.7066 0.7365 0.7440 0.7440 0.6960 0.6849 0.7314 0.7066 0.7440 0.7700 0.7342 0.7782 0.6960 0.7151 0.6960 0.6925 0.7872 0.7563 0.7671 0.7897 0.7641 0.7154 0.7306 0.7306 0.7314 0.8042 0.7114 0.7555 0.7476 0.7440 0.7476 0.8281 0.8013 0.7114 0.6778 0.7915 0.7234 0.7234 0.7991 0.7410 0.8390 0.6960 0.7440 0.7605 0.7234 0.6759 0.7234 0.7491 0.7234 0.7476 0.6759 0.7964 0.6960 0.7114
BOZO_SOROGAMA            0.7555 0.8281 0.8461 0.8338 0.7363 0.8164 0.7703 0.7234 0.7148 0.8241 0.7915 0.7770 0.7074 0.7066 0.3335 0.0000 0.4795 0.5993 0.4697 0.7888 0.8493 0.8082 0.7402 0.7363 0.7402 0.8151 0.7991 0.8042 0.6925 0.7534 0.6960 0.7363 0.7192 0.7474 0.7570 0.7570 0.7458 0.7192 0.7440 0.7192 0.7570 0.7819 0.7819 0.8060 0.7269 0.7476 0.7269 0.7281 0.7991 0.7671 0.7610 0.8015 0.7763 0.7819 0.7610 0.7791 0.7440 0.8352 0.7231 0.8015 0.7605 0.7570 0.7605 0.8241 0.8124 0.7032 0.6897 0.8219 0.7363 0.7363 0.8257 0.7342 0.8352 0.7074 0.7570 0.8126 0.7363 0.7458 0.7363 0.7966 0.7363 0.7605 0.7074 0.8470 0.7074 0.7791
BOZO_TIEMA_CIEWE         0.7114 0.7888 0.8427 0.8301 0.6823 0.8124 0.8371 0.7148 0.6823 0.8540 0.8219 0.7705 0.6778 0.6513 0.5532 0.4795 0.0000 0.5348 0.3836 0.8197 0.8301 0.7872 0.7103 0.7056 0.6875 0.8101 0.8114 0.8352 0.6823 0.7237 0.7074 0.7056 0.6875 0.7585 0.7281 0.7056 0.7388 0.7103 0.7148 0.6875 0.7281 0.7763 0.7941 0.7846 0.7578 0.7991 0.7388 0.7636 0.8281 0.7615 0.7545 0.7424 0.7703 0.8114 0.7733 0.7151 0.7363 0.7739 0.7545 0.8301 0.7323 0.7056 0.7323 0.8704 0.8238 0.7151 0.7234 0.8524 0.7056 0.6823 0.7728 0.7641 0.8489 0.6778 0.7497 0.8266 0.7056 0.7388 0.7056 0.8091 0.6823 0.7323 0.6336 0.8790 0.6561 0.7915
BOZO_TIEYAHO             0.7119 0.8644 0.8801 0.8682 0.7274 0.7927 0.8136 0.7545 0.7066 0.7610 0.7641 0.7476 0.5479 0.5860 0.5888 0.5993 0.5348 0.0000 0.3468 0.7610 0.8538 0.8438 0.7511 0.7274 0.7314 0.7860 0.7728 0.7763 0.7274 0.7234 0.7264 0.7274 0.7109 0.7725 0.7476 0.7476 0.7555 0.7109 0.7545 0.7109 0.7476 0.8374 0.7897 0.8423 0.7555 0.7578 0.7192 0.7801 0.8374 0.7591 0.7342 0.7756 0.7491 0.7555 0.7524 0.7342 0.7545 0.8409 0.7342 0.7921 0.7511 0.7476 0.7511 0.8136 0.7881 0.7342 0.7424 0.8114 0.7274 0.7274 0.7698 0.7081 0.7888 0.7192 0.7671 0.8017 0.7274 0.7555 0.7274 0.7524 0.7274 0.7511 0.6602 0.8352 0.7002 0.7154
BOZO_TIGEMAXO            0.7555 0.8602 0.8767 0.8644 0.7363 0.7858 0.8067 0.7440 0.7148 0.8241 0.7915 0.7964 0.5993 0.5370 0.5163 0.4697 0.3836 0.3468 0.0000 0.7888 0.8493 0.8082 0.7605 0.7363 0.7402 0.7964 0.7991 0.8042 0.7363 0.7534 0.7154 0.7363 0.7192 0.7808 0.7570 0.7570 0.7641 0.7402 0.7639 0.7192 0.7570 0.7991 0.8158 0.8219 0.7819 0.7274 0.7641 0.7705 0.8477 0.7833 0.7791 0.7846 0.7941 0.7458 0.7032 0.7424 0.7639 0.8352 0.7791 0.8015 0.7605 0.7570 0.7605 0.8409 0.7968 0.7424 0.7314 0.8219 0.7363 0.7363 0.7945 0.7524 0.8352 0.7269 0.7570 0.8126 0.7363 0.7641 0.7363 0.7791 0.7363 0.7605 0.7074 0.8470 0.7074 0.7424
BUSA_NIGERIA             0.8199 0.8587 0.8602 0.8477 0.7936 0.7833 0.8219 0.7991 0.7739 0.3122 0.2105 0.8126 0.8461 0.8704 0.7763 0.7888 0.8197 0.7610 0.7888 0.0000 0.8158 0.8219 0.8151 0.7936 0.7964 0.8126 0.7231 0.1721 0.8311 0.8101 0.7491 0.7936 0.7770 0.8103 0.8126 0.8126 0.7966 0.7964 0.8174 0.8151 0.8126 0.8461 0.8301 0.8356 0.7966 0.6570 0.7791 0.7671 0.8461 0.8275 0.7941 0.8630 0.8427 0.6826 0.7578 0.7763 0.8174 0.8331 0.7941 0.7819 0.8151 0.8126 0.8151 0.7476 0.7442 0.8114 0.8042 0.7021 0.7936 0.7936 0.7921 0.7491 0.7964 0.8301 0.8126 0.7497 0.7936 0.7791 0.7936 0.6989 0.7936 0.8151 0.7791 0.7877 0.8136 0.6989
DUUNGOMA_2               0.7833 0.8509 0.5952 0.5621 0.7888 0.8095 0.8158 0.8114 0.7888 0.8320 0.8179 0.7703 0.8538 0.8461 0.8374 0.8493 0.8301 0.8538 0.8493 0.8158 0.0000 0.5125 0.7915 0.7888 0.7915 0.8241 0.7921 0.8136 0.7888 0.8219 0.8566 0.7888 0.7733 0.8618 0.7888 0.7888 0.8082 0.7915 0.7941 0.7915 0.7888 0.8390 0.8538 0.8144 0.8238 0.7610 0.8082 0.8017 0.8238 0.8360 0.8374 0.8552 0.8038 0.8082 0.8219 0.7897 0.7941 0.8261 0.8219 0.8552 0.7915 0.7888 0.7733 0.7991 0.8201 0.8374 0.7819 0.7791 0.7703 0.7888 0.8183 0.7643 0.8091 0.7756 0.8067 0.8219 0.7888 0.8082 0.7888 0.8374 0.7888 0.7733 0.8238 0.8371 0.7585 0.8219
DZUUNGOO                 0.7904 0.8552 0.5913 0.5363 0.7791 0.7570 0.8060 0.8179 0.7966 0.8219 0.8238 0.7610 0.8580 0.8657 0.8124 0.8082 0.7872 0.8438 0.8082 0.8219 0.5125 0.0000 0.7819 0.7966 0.7991 0.8136 0.7671 0.8038 0.7966 0.8281 0.8034 0.7966 0.7819 0.8524 0.7791 0.7791 0.7671 0.7819 0.8015 0.7819 0.7966 0.8580 0.8851 0.8344 0.7991 0.7524 0.7991 0.7733 0.8717 0.7991 0.7968 0.8453 0.7945 0.7504 0.7643 0.7643 0.8015 0.8477 0.7968 0.8593 0.7991 0.7966 0.7819 0.7728 0.8114 0.8124 0.7555 0.7700 0.7610 0.7966 0.8237 0.7725 0.8158 0.8144 0.7610 0.8281 0.7966 0.7671 0.7966 0.8423 0.7966 0.7819 0.7671 0.8587 0.7833 0.7968
FINANGAKAN               0.4889 0.7639 0.7860 0.7733 0.1370 0.7756 0.8506 0.6067 0.2776 0.8331 0.8174 0.5012 0.7314 0.7936 0.7274 0.7402 0.7103 0.7511 0.7605 0.8151 0.7915 0.7819 0.0000 0.2332 0.2073 0.8243 0.7109 0.8126 0.6957 0.6121 0.6989 0.1865 0.2523 0.6553 0.1865 0.1370 0.6451 0.4110 0.1332 0.3356 0.2332 0.8067 0.7703 0.8301 0.5178 0.7534 0.5971 0.6325 0.7703 0.4972 0.5901 0.6729 0.4378 0.7703 0.7274 0.4169 0.1814 0.7877 0.5641 0.8091 0.2523 0.1370 0.2523 0.7770 0.8509 0.4795 0.6925 0.8311 0.2332 0.1370 0.7491 0.7578 0.8075 0.6451 0.1865 0.7145 0.1865 0.6678 0.2776 0.7860 0.1370 0.2523 0.3961 0.7991 0.6451 0.7274
FOLOKAKAN                0.4795 0.7402 0.8017 0.7888 0.2131 0.7897 0.8311 0.6262 0.1644 0.8311 0.7964 0.5540 0.7066 0.7705 0.7234 0.7363 0.7056 0.7274 0.7363 0.7936 0.7888 0.7966 0.2332 0.0000 0.0846 0.8219 0.7274 0.8101 0.6904 0.6045 0.7151 0.0581 0.1370 0.6501 0.2131 0.2592 0.6625 0.3196 0.2073 0.2332 0.1644 0.7860 0.7476 0.8114 0.5088 0.7705 0.5641 0.6792 0.7671 0.4324 0.6085 0.6678 0.4262 0.7860 0.7440 0.4693 0.2073 0.7846 0.5829 0.8241 0.1865 0.1644 0.1865 0.7739 0.8493 0.4994 0.7103 0.8470 0.2592 0.1128 0.7458 0.7545 0.8243 0.6393 0.2592 0.7561 0.0581 0.6849 0.2131 0.7639 0.1128 0.1865 0.4488 0.8168 0.6393 0.7440
GBELEBANKAKAN            0.5163 0.7440 0.8042 0.7915 0.1865 0.7921 0.8331 0.6329 0.2332 0.8331 0.7991 0.5917 0.7109 0.7739 0.7274 0.7402 0.6875 0.7314 0.7402 0.7964 0.7915 0.7991 0.2073 0.0846 0.0000 0.8243 0.7314 0.8126 0.6957 0.6393 0.7192 0.1370 0.2073 0.6553 0.2776 0.2332 0.6678 0.3742 0.2271 0.2950 0.2332 0.7888 0.7511 0.8136 0.5453 0.7739 0.5971 0.6849 0.7703 0.4704 0.6151 0.6507 0.4693 0.7888 0.7274 0.5088 0.2705 0.7877 0.6151 0.8261 0.2073 0.1370 0.2523 0.7770 0.8509 0.5088 0.7148 0.8489 0.3196 0.0846 0.7491 0.7578 0.8075 0.6451 0.3196 0.7599 0.1370 0.6897 0.2776 0.7671 0.0846 0.2523 0.4284 0.8194 0.6451 0.7476
GOURO                    0.8281 0.8524 0.8371 0.8241 0.8219 0.7002 0.8126 0.7877 0.8020 0.7739 0.7770 0.8020 0.8042 0.8289 0.7639 0.8151 0.8101 0.7860 0.7964 0.8126 0.8241 0.8136 0.8243 0.8219 0.8243 0.0000 0.5641 0.7907 0.7813 0.7780 0.8261 0.8219 0.7846 0.8179 0.8219 0.8219 0.7860 0.7846 0.8266 0.8048 0.8219 0.8219 0.8219 0.8904 0.7476 0.7281 0.7671 0.7961 0.8556 0.8199 0.8017 0.8730 0.8352 0.5901 0.7234 0.8017 0.8266 0.8432 0.7831 0.7511 0.8243 0.8219 0.8048 0.7534 0.7306 0.7440 0.7739 0.7907 0.7813 0.8219 0.8158 0.8091 0.7192 0.7860 0.8219 0.7096 0.8219 0.7860 0.8020 0.7639 0.8219 0.8048 0.7860 0.7521 0.7671 0.6085
GURO                     0.7643 0.8338 0.7872 0.7756 0.7274 0.7123 0.7791 0.7733 0.7066 0.7424 0.6872 0.7476 0.7897 0.8281 0.7342 0.7991 0.8114 0.7728 0.7991 0.7231 0.7921 0.7671 0.7109 0.7274 0.7314 0.5641 0.0000 0.7578 0.7860 0.7440 0.8103 0.7274 0.6897 0.7881 0.7274 0.7274 0.7002 0.7109 0.7151 0.7109 0.7274 0.8060 0.7728 0.8275 0.6805 0.7388 0.7002 0.7192 0.8524 0.7750 0.8038 0.8682 0.7491 0.4136 0.6759 0.6960 0.7151 0.8572 0.7154 0.6849 0.7314 0.7274 0.7109 0.7231 0.7227 0.7154 0.7231 0.7763 0.6849 0.7274 0.8013 0.8103 0.7511 0.7728 0.7066 0.6085 0.7274 0.7002 0.7066 0.5888 0.7274 0.7109 0.7376 0.7192 0.7555 0.3396
ILLO_BUSA                0.8179 0.8730 0.8587 0.8461 0.8101 0.7643 0.8197 0.7964 0.7907 0.2158 0.3122 0.8101 0.8602 0.8851 0.7915 0.8042 0.8352 0.7763 0.8042 0.1721 0.8136 0.8038 0.8126 0.8101 0.8126 0.7907 0.7578 0.0000 0.8101 0.8266 0.7641 0.8101 0.7936 0.8390 0.8101 0.8101 0.7941 0.7936 0.8151 0.8311 0.8101 0.8444 0.8281 0.8338 0.8281 0.6748 0.7941 0.7636 0.8444 0.8407 0.8091 0.8767 0.8572 0.6989 0.7352 0.7733 0.8151 0.8311 0.8091 0.7966 0.8126 0.8101 0.8126 0.7234 0.7410 0.8091 0.8197 0.6974 0.7907 0.8101 0.7555 0.7819 0.7936 0.8281 0.8101 0.7671 0.8101 0.7763 0.7907 0.7352 0.8101 0.8126 0.7941 0.8048 0.7941 0.7151
JALONKE_2                0.6989 0.7801 0.7639 0.7703 0.6654 0.8374 0.8489 0.7671 0.6654 0.8311 0.8331 0.6904 0.7860 0.8101 0.7234 0.6925 0.6823 0.7274 0.7363 0.8311 0.7888 0.7966 0.6957 0.6904 0.6957 0.7813 0.7860 0.8101 0.0000 0.7333 0.6944 0.6654 0.6712 0.7671 0.6904 0.6904 0.7274 0.6712 0.7007 0.6712 0.6904 0.8042 0.8042 0.8444 0.6625 0.8289 0.6849 0.7521 0.7671 0.7342 0.7021 0.7888 0.6748 0.7860 0.7831 0.7021 0.7007 0.8432 0.7021 0.8241 0.6957 0.6904 0.6957 0.8126 0.8493 0.6570 0.7739 0.8816 0.6904 0.6654 0.7458 0.7733 0.7846 0.3122 0.7145 0.8194 0.6654 0.7274 0.6904 0.8197 0.6654 0.6957 0.6393 0.8748 0.2339 0.7831
JERI_KUO                 0.6729 0.7770 0.8690 0.8556 0.6045 0.7700 0.8101 0.5917 0.5753 0.8289 0.8311 0.6325 0.7440 0.8075 0.6748 0.7534 0.7237 0.7234 0.7534 0.8101 0.8219 0.8281 0.6121 0.6045 0.6393 0.7780 0.7440 0.8266 0.7333 0.0000 0.7511 0.5753 0.5837 0.7074 0.5753 0.6045 0.6570 0.6121 0.5917 0.5837 0.5753 0.8197 0.7639 0.7915 0.5829 0.7671 0.6332 0.5884 0.8017 0.6712 0.7192 0.8219 0.6205 0.7831 0.7605 0.5479 0.5917 0.8219 0.5753 0.7671 0.5837 0.6045 0.5837 0.8289 0.8320 0.6513 0.7281 0.8075 0.5753 0.6045 0.7424 0.7511 0.8219 0.7021 0.6045 0.7745 0.5753 0.6332 0.5753 0.8174 0.6045 0.5837 0.5829 0.8142 0.7021 0.7402
JOWULU                   0.7365 0.8219 0.8082 0.7968 0.6729 0.7970 0.8015 0.7610 0.7151 0.7846 0.7700 0.7545 0.7442 0.7458 0.7410 0.6960 0.7074 0.7264 0.7154 0.7491 0.8566 0.8034 0.6989 0.7151 0.7192 0.8261 0.8103 0.7641 0.6944 0.7511 0.0000 0.6944 0.7192 0.7458 0.6944 0.6944 0.7442 0.6989 0.7231 0.6989 0.7151 0.8257 0.7782 0.8164 0.7442 0.7819 0.7615 0.7066 0.8103 0.7487 0.6650 0.7808 0.7002 0.7442 0.7229 0.7410 0.7231 0.8114 0.7042 0.8124 0.7192 0.7151 0.7192 0.8179 0.7927 0.7042 0.7491 0.7991 0.7151 0.6944 0.8201 0.6592 0.8602 0.7264 0.6729 0.7511 0.6944 0.7615 0.7352 0.7585 0.6944 0.7192 0.6697 0.8390 0.7264 0.7585
JULA_DE_KONG             0.4501 0.7402 0.8017 0.7888 0.1644 0.7897 0.8311 0.5993 0.1128 0.8311 0.7964 0.5230 0.7066 0.7705 0.7234 0.7363 0.7056 0.7274 0.7363 0.7936 0.7888 0.7966 0.1865 0.0581 0.1370 0.8219 0.7274 0.8101 0.6654 0.5753 0.6944 0.0000 0.0846 0.6501 0.1644 0.2131 0.6625 0.3596 0.1598 0.1865 0.1128 0.7860 0.7476 0.8114 0.4795 0.7705 0.5641 0.6529 0.7476 0.4610 0.5829 0.6897 0.3923 0.7860 0.7440 0.4378 0.1598 0.7846 0.5562 0.8241 0.1370 0.1128 0.1370 0.7739 0.8493 0.4693 0.7103 0.8470 0.2131 0.0581 0.7458 0.7545 0.8243 0.6151 0.2131 0.7561 0.0000 0.6849 0.1644 0.7639 0.0581 0.1370 0.4169 0.8168 0.6151 0.7440
JULA_VEHICULAIRE         0.4305 0.7440 0.7860 0.7733 0.2332 0.7921 0.8331 0.6329 0.0846 0.8151 0.7801 0.5012 0.7314 0.7936 0.7066 0.7192 0.6875 0.7109 0.7192 0.7770 0.7733 0.7819 0.2523 0.1370 0.2073 0.7846 0.6897 0.7936 0.6712 0.5837 0.7192 0.0846 0.0000 0.6339 0.2332 0.2776 0.6451 0.3742 0.2271 0.2073 0.1865 0.7703 0.7314 0.8136 0.4595 0.7534 0.5453 0.6592 0.7314 0.4972 0.5901 0.6729 0.4378 0.7511 0.7274 0.4169 0.2271 0.7877 0.5370 0.8261 0.2073 0.1865 0.1598 0.7770 0.8356 0.4488 0.6694 0.8489 0.1370 0.1370 0.7491 0.7578 0.8266 0.6215 0.2776 0.7599 0.0846 0.6678 0.1370 0.7476 0.1370 0.1598 0.3961 0.8194 0.5971 0.7066
KAKABE                   0.6048 0.7671 0.8164 0.8055 0.6282 0.8318 0.8694 0.7192 0.6282 0.8552 0.8275 0.6917 0.7725 0.8238 0.7365 0.7474 0.7585 0.7725 0.7808 0.8103 0.8618 0.8524 0.6553 0.6501 0.6553 0.8179 0.7881 0.8390 0.7671 0.7074 0.7458 0.6501 0.6339 0.0000 0.6501 0.6501 0.5201 0.5888 0.6805 0.6759 0.6712 0.8183 0.7881 0.8095 0.4184 0.7921 0.4710 0.7231 0.7881 0.5666 0.6032 0.6143 0.6393 0.8034 0.8013 0.6443 0.6805 0.8038 0.4623 0.8055 0.6759 0.6712 0.6759 0.8257 0.8287 0.5363 0.7442 0.8538 0.6501 0.6501 0.7991 0.7619 0.8657 0.7051 0.6501 0.7991 0.6501 0.6088 0.6712 0.8164 0.6501 0.6759 0.5201 0.8461 0.7051 0.8013
KANIKAKAN                0.4795 0.7605 0.8017 0.7888 0.1644 0.7728 0.8489 0.5993 0.2131 0.8311 0.8151 0.4906 0.7274 0.7907 0.7440 0.7570 0.7281 0.7476 0.7570 0.8126 0.7888 0.7791 0.1865 0.2131 0.2776 0.8219 0.7274 0.8101 0.6904 0.5753 0.6944 0.1644 0.2332 0.6501 0.0000 0.0581 0.6393 0.3596 0.2073 0.2332 0.1128 0.8042 0.7671 0.8281 0.5088 0.7497 0.5901 0.6254 0.7671 0.4885 0.5829 0.7109 0.4262 0.7476 0.7234 0.4378 0.1598 0.7846 0.4994 0.8241 0.1370 0.1644 0.1370 0.7739 0.8493 0.4994 0.6875 0.8289 0.1644 0.2131 0.7641 0.7545 0.8243 0.6393 0.1128 0.7333 0.1644 0.6625 0.2131 0.7831 0.2131 0.0846 0.4488 0.8168 0.6393 0.7440
KARANJANKAN              0.5077 0.7605 0.8017 0.7888 0.1128 0.7728 0.8489 0.5993 0.2592 0.8311 0.8151 0.5230 0.7274 0.7907 0.7440 0.7570 0.7056 0.7476 0.7570 0.8126 0.7888 0.7791 0.1370 0.2592 0.2332 0.8219 0.7274 0.8101 0.6904 0.6045 0.6944 0.2131 0.2776 0.6501 0.0581 0.0000 0.6393 0.3976 0.2073 0.2776 0.1644 0.8042 0.7671 0.8281 0.5370 0.7497 0.6151 0.6254 0.7671 0.5150 0.5829 0.6897 0.4586 0.7476 0.7234 0.4693 0.2073 0.7846 0.5284 0.8241 0.1865 0.1128 0.1865 0.7739 0.8493 0.4994 0.6875 0.8289 0.2131 0.1644 0.7641 0.7545 0.8048 0.6393 0.1644 0.7333 0.2131 0.6625 0.2592 0.7831 0.1644 0.1370 0.4169 0.8168 0.6393 0.7440
KONO                     0.6341 0.7491 0.7872 0.7756 0.6393 0.7619 0.8301 0.7151 0.6393 0.8136 0.8158 0.6625 0.7897 0.8281 0.6960 0.7458 0.7388 0.7555 0.7641 0.7966 0.8082 0.7671 0.6451 0.6625 0.6678 0.7860 0.7002 0.7941 0.7274 0.6570 0.7442 0.6625 0.6451 0.5201 0.6393 0.6393 0.0000 0.5453 0.6729 0.6678 0.6625 0.7376 0.7555 0.7643 0.3836 0.7763 0.3196 0.6748 0.7897 0.6344 0.6553 0.7042 0.6712 0.7555 0.7700 0.6117 0.6729 0.7703 0.3396 0.7756 0.6678 0.6625 0.6678 0.7966 0.7725 0.5888 0.7231 0.8114 0.6151 0.6625 0.7534 0.7945 0.8409 0.6602 0.6393 0.7639 0.6625 0.2131 0.6393 0.7524 0.6625 0.6678 0.5720 0.8174 0.6805 0.7154
KONYANKA_MANINKA         0.4603 0.7831 0.8042 0.7915 0.3196 0.7410 0.8331 0.6581 0.3196 0.8151 0.7991 0.5012 0.7109 0.7936 0.6849 0.7192 0.7103 0.7109 0.7402 0.7964 0.7915 0.7819 0.4110 0.3196 0.3742 0.7846 0.7109 0.7936 0.6712 0.6121 0.6989 0.3596 0.3742 0.5888 0.3596 0.3976 0.5453 0.0000 0.3881 0.3742 0.3596 0.8067 0.7511 0.8136 0.4595 0.7936 0.4595 0.6325 0.8067 0.4426 0.5641 0.6507 0.4994 0.7511 0.7066 0.4488 0.4237 0.7671 0.4795 0.7733 0.3742 0.4338 0.3742 0.7570 0.8199 0.4169 0.6694 0.8311 0.3596 0.3976 0.7491 0.7192 0.8075 0.5971 0.3596 0.7145 0.3596 0.5971 0.3976 0.7671 0.3976 0.4110 0.4595 0.7991 0.5971 0.7066
KOROKAKAN                0.5247 0.7476 0.8241 0.8114 0.1598 0.7945 0.8352 0.6137 0.1598 0.8352 0.8197 0.5114 0.7352 0.7964 0.7314 0.7440 0.7148 0.7545 0.7639 0.8174 0.7941 0.8015 0.1332 0.2073 0.2271 0.8266 0.7151 0.8151 0.7007 0.5917 0.7231 0.1598 0.2271 0.6805 0.2073 0.2073 0.6729 0.3881 0.0000 0.2271 0.1096 0.7915 0.7545 0.8158 0.5532 0.7770 0.6276 0.6654 0.7545 0.5308 0.6215 0.7192 0.4795 0.7915 0.7511 0.4595 0.1065 0.7907 0.5717 0.8114 0.1332 0.1598 0.1332 0.7801 0.8524 0.5453 0.7192 0.8506 0.2950 0.1598 0.7700 0.7791 0.8101 0.6507 0.2073 0.7418 0.1598 0.6944 0.2523 0.7703 0.1598 0.1814 0.4697 0.8020 0.6507 0.7314
KOROKAN                  0.5163 0.7639 0.8042 0.7915 0.2332 0.8082 0.8331 0.6581 0.1865 0.8506 0.8352 0.5012 0.7109 0.7739 0.7066 0.7192 0.6875 0.7109 0.7192 0.8151 0.7915 0.7819 0.3356 0.2332 0.2950 0.8048 0.7109 0.8311 0.6712 0.5837 0.6989 0.1865 0.2073 0.6759 0.2332 0.2776 0.6678 0.3742 0.2271 0.0000 0.1370 0.8067 0.7703 0.8136 0.5453 0.7936 0.6215 0.6849 0.7703 0.5479 0.5901 0.6944 0.4693 0.7511 0.7274 0.5088 0.2705 0.8075 0.5370 0.8261 0.1598 0.2332 0.1096 0.7770 0.8509 0.5370 0.7148 0.8661 0.2332 0.2332 0.7671 0.7763 0.8266 0.6451 0.3196 0.7813 0.1865 0.6897 0.2332 0.7671 0.2332 0.1598 0.4284 0.8390 0.6451 0.7274
KOYAGAKAN                0.5077 0.7402 0.8197 0.8067 0.1644 0.7897 0.8311 0.5993 0.1128 0.8311 0.8151 0.5230 0.7274 0.7907 0.7440 0.7570 0.7281 0.7476 0.7570 0.8126 0.7888 0.7966 0.2332 0.1644 0.2332 0.8219 0.7274 0.8101 0.6904 0.5753 0.7151 0.1128 0.1865 0.6712 0.1128 0.1644 0.6625 0.3596 0.1096 0.1370 0.0000 0.7860 0.7476 0.8114 0.5370 0.7705 0.6151 0.6529 0.7476 0.5150 0.6085 0.7314 0.4586 0.7671 0.7440 0.4693 0.1598 0.7846 0.5284 0.8241 0.0291 0.1128 0.0291 0.7739 0.8493 0.5284 0.7103 0.8470 0.2131 0.1644 0.7641 0.7733 0.8243 0.6393 0.2131 0.7561 0.1128 0.6849 0.1644 0.7639 0.1644 0.0846 0.4795 0.8168 0.6393 0.7440
KPELLE                   0.8124 0.5579 0.8199 0.8238 0.8042 0.8360 0.8616 0.8091 0.7671 0.8301 0.8158 0.8390 0.8219 0.8444 0.7700 0.7819 0.7763 0.8374 0.7991 0.8461 0.8390 0.8580 0.8067 0.7860 0.7888 0.8219 0.8060 0.8444 0.8042 0.8197 0.8257 0.7860 0.7703 0.8183 0.8042 0.8042 0.7376 0.8067 0.7915 0.8067 0.7860 0.0000 0.4704 0.4707 0.7897 0.8281 0.7555 0.7801 0.5952 0.8201 0.8509 0.8682 0.8338 0.8219 0.8356 0.7872 0.7915 0.6678 0.7700 0.8822 0.7888 0.7860 0.7888 0.8767 0.8739 0.8199 0.7966 0.8444 0.7860 0.7860 0.8453 0.8257 0.9178 0.7728 0.8042 0.8197 0.7860 0.7376 0.7671 0.7872 0.7860 0.7888 0.8219 0.8174 0.7728 0.8199
KPELLE_GUINEA            0.7474 0.6501 0.8509 0.8538 0.7671 0.7775 0.8461 0.8091 0.7274 0.8301 0.8320 0.8219 0.7728 0.8444 0.7342 0.7819 0.7941 0.7897 0.8158 0.8301 0.8538 0.8851 0.7703 0.7476 0.7511 0.8219 0.7728 0.8281 0.8042 0.7639 0.7782 0.7476 0.7314 0.7881 0.7671 0.7671 0.7555 0.7511 0.7545 0.7703 0.7476 0.4704 0.0000 0.4966 0.7897 0.8281 0.7555 0.7402 0.5952 0.7904 0.8038 0.8238 0.7846 0.7728 0.8038 0.7342 0.7545 0.7109 0.7524 0.8682 0.7511 0.7476 0.7511 0.8767 0.8468 0.7700 0.7424 0.8281 0.7476 0.7476 0.8311 0.7782 0.9178 0.7192 0.7671 0.8017 0.7476 0.7555 0.7274 0.7700 0.7476 0.7511 0.7555 0.8690 0.7376 0.7872
KPELLE_LIBERIA           0.8034 0.6445 0.8257 0.8293 0.8281 0.8405 0.8657 0.8320 0.8114 0.8356 0.8374 0.8602 0.8124 0.8493 0.7782 0.8060 0.7846 0.8423 0.8219 0.8356 0.8144 0.8344 0.8301 0.8114 0.8136 0.8904 0.8275 0.8338 0.8444 0.7915 0.8164 0.8114 0.8136 0.8095 0.8281 0.8281 0.7643 0.8136 0.8158 0.8136 0.8114 0.4707 0.4966 0.0000 0.8275 0.8179 0.7968 0.8067 0.6341 0.8390 0.8257 0.8293 0.8082 0.8275 0.8257 0.7945 0.8158 0.6826 0.7945 0.8293 0.8136 0.8114 0.8136 0.8657 0.8510 0.8103 0.8038 0.8179 0.8281 0.8114 0.8075 0.8013 0.9056 0.7968 0.8281 0.8427 0.8114 0.7643 0.8114 0.7945 0.8114 0.8136 0.8124 0.8730 0.8124 0.8257
KURANKO                  0.5215 0.7306 0.7524 0.7410 0.5088 0.7775 0.8136 0.6729 0.4795 0.8461 0.7991 0.5370 0.7728 0.8281 0.6960 0.7269 0.7578 0.7555 0.7819 0.7966 0.8238 0.7991 0.5178 0.5088 0.5453 0.7476 0.6805 0.8281 0.6625 0.5829 0.7442 0.4795 0.4595 0.4184 0.5088 0.5370 0.3836 0.4595 0.5532 0.5453 0.5370 0.7897 0.7897 0.8275 0.0000 0.7192 0.2131 0.6513 0.7728 0.4542 0.5651 0.6445 0.4512 0.7376 0.7524 0.4885 0.5532 0.7888 0.2710 0.7921 0.5453 0.5370 0.5453 0.7610 0.7881 0.3718 0.7032 0.8281 0.4795 0.5088 0.7365 0.7615 0.7888 0.5952 0.5088 0.7639 0.4795 0.4704 0.5088 0.7524 0.5088 0.5453 0.4136 0.8174 0.5952 0.6960
KYENGA                   0.8179 0.8572 0.8091 0.7966 0.7497 0.7643 0.7021 0.8151 0.7497 0.6570 0.6151 0.7907 0.8281 0.8524 0.7151 0.7476 0.7991 0.7578 0.7274 0.6570 0.7610 0.7524 0.7534 0.7705 0.7739 0.7281 0.7388 0.6748 0.8289 0.7671 0.7819 0.7705 0.7534 0.7921 0.7497 0.7497 0.7763 0.7936 0.7770 0.7936 0.7705 0.8281 0.8281 0.8179 0.7192 0.0000 0.7763 0.7636 0.8114 0.7945 0.7733 0.8461 0.7703 0.6336 0.6507 0.7545 0.7770 0.8126 0.7352 0.8136 0.7739 0.7705 0.7739 0.7440 0.7229 0.7733 0.7440 0.5753 0.7497 0.7705 0.7897 0.7641 0.7103 0.8281 0.7705 0.7007 0.7705 0.7763 0.7705 0.7352 0.7705 0.7739 0.7578 0.7636 0.8114 0.6944
LELE_GUINEA              0.5215 0.7114 0.7524 0.7410 0.5901 0.7619 0.8301 0.6944 0.5641 0.8136 0.7991 0.5901 0.7555 0.8281 0.6960 0.7269 0.7388 0.7192 0.7641 0.7791 0.8082 0.7991 0.5971 0.5641 0.5971 0.7671 0.7002 0.7941 0.6849 0.6332 0.7615 0.5641 0.5453 0.4710 0.5901 0.6151 0.3196 0.4595 0.6276 0.6215 0.6151 0.7555 0.7555 0.7968 0.2131 0.7763 0.0000 0.6513 0.7555 0.5038 0.6339 0.6445 0.5822 0.7555 0.7700 0.5405 0.6276 0.7511 0.3718 0.7756 0.6215 0.6151 0.6215 0.7966 0.8034 0.4885 0.6826 0.7941 0.5370 0.5901 0.7192 0.7442 0.8241 0.5720 0.5901 0.7440 0.5641 0.4136 0.5641 0.7700 0.5901 0.6215 0.4704 0.7991 0.5952 0.7154
LIGBI                    0.7314 0.7936 0.7770 0.7639 0.6254 0.7491 0.7671 0.5837 0.6529 0.7877 0.7705 0.7045 0.7991 0.8243 0.6925 0.7281 0.7636 0.7801 0.7705 0.7671 0.8017 0.7733 0.6325 0.6792 0.6849 0.7961 0.7192 0.7636 0.7521 0.5884 0.7066 0.6529 0.6592 0.7231 0.6254 0.6254 0.6748 0.6325 0.6654 0.6849 0.6529 0.7801 0.7402 0.8067 0.6513 0.7636 0.6513 0.0000 0.8174 0.7269 0.7363 0.8540 0.7323 0.7402 0.7148 0.6454 0.6654 0.7561 0.6205 0.8017 0.6592 0.6529 0.6592 0.7877 0.8136 0.6925 0.6769 0.7846 0.6254 0.6529 0.8281 0.7476 0.8390 0.7192 0.6254 0.6462 0.6529 0.6513 0.6529 0.7964 0.6529 0.6592 0.6748 0.7671 0.7605 0.7148
LOMA_LIBERIA             0.7643 0.5327 0.8356 0.8390 0.7671 0.8630 0.8914 0.8261 0.7274 0.8461 0.8477 0.8042 0.8219 0.8904 0.7872 0.7991 0.8281 0.8374 0.8477 0.8461 0.8238 0.8717 0.7703 0.7671 0.7703 0.8556 0.8524 0.8444 0.7671 0.8017 0.8103 0.7476 0.7314 0.7881 0.7671 0.7671 0.7897 0.8067 0.7545 0.7703 0.7476 0.5952 0.5952 0.6341 0.7728 0.8114 0.7555 0.8174 0.0000 0.8201 0.8199 0.8390 0.8015 0.8374 0.8509 0.7700 0.7545 0.6678 0.7700 0.8822 0.7511 0.7476 0.7511 0.8767 0.8606 0.7872 0.8136 0.8444 0.7476 0.7476 0.8453 0.7945 0.9178 0.7376 0.7860 0.8540 0.7476 0.7897 0.7274 0.8199 0.7476 0.7511 0.7555 0.8524 0.7192 0.8509
MALINKE                  0.5259 0.7698 0.8034 0.7927 0.4885 0.7932 0.8842 0.7042 0.5150 0.8566 0.8293 0.5888 0.7591 0.8257 0.7563 0.7671 0.7615 0.7591 0.7833 0.8275 0.8360 0.7991 0.4972 0.4324 0.4704 0.8199 0.7750 0.8407 0.7342 0.6712 0.7487 0.4610 0.4972 0.5666 0.4885 0.5150 0.6344 0.4426 0.5308 0.5479 0.5150 0.8201 0.7904 0.8390 0.4542 0.7945 0.5038 0.7269 0.8201 0.0000 0.5877 0.6584 0.4879 0.8055 0.7725 0.5201 0.5308 0.8060 0.5659 0.8360 0.5230 0.5150 0.5230 0.8124 0.8562 0.4452 0.7474 0.8552 0.5150 0.4885 0.7721 0.7645 0.8524 0.6538 0.4885 0.8015 0.4610 0.6727 0.5405 0.7881 0.4885 0.5230 0.4542 0.8477 0.6538 0.7881
MALINKE_WESTERN_MANINKA  0.5383 0.8158 0.8015 0.7897 0.5562 0.7904 0.8602 0.7314 0.5829 0.8281 0.8301 0.5829 0.7700 0.7915 0.7671 0.7610 0.7545 0.7342 0.7791 0.7941 0.8374 0.7968 0.5901 0.6085 0.6151 0.8017 0.8038 0.8091 0.7021 0.7192 0.6650 0.5829 0.5901 0.6032 0.5829 0.5829 0.6553 0.5641 0.6215 0.5901 0.6085 0.8509 0.8038 0.8257 0.5651 0.7733 0.6339 0.7363 0.8199 0.5877 0.0000 0.5720 0.5505 0.7872 0.7306 0.6056 0.6215 0.7860 0.5327 0.8219 0.6151 0.6085 0.6151 0.7941 0.8311 0.5579 0.7578 0.8427 0.5829 0.5829 0.7504 0.6849 0.8042 0.6759 0.5829 0.7991 0.5829 0.6960 0.6085 0.8015 0.5829 0.6151 0.4324 0.8506 0.6759 0.8015
MANDINKA_4               0.6186 0.8356 0.8219 0.7945 0.6678 0.8510 0.9064 0.8444 0.6897 0.8923 0.8932 0.6897 0.7585 0.7966 0.7897 0.8015 0.7424 0.7756 0.7846 0.8630 0.8552 0.8453 0.6729 0.6678 0.6507 0.8730 0.8682 0.8767 0.7888 0.8219 0.7808 0.6897 0.6729 0.6143 0.7109 0.6897 0.7042 0.6507 0.7192 0.6944 0.7314 0.8682 0.8238 0.8293 0.6445 0.8461 0.6445 0.8540 0.8390 0.6584 0.5720 0.0000 0.6339 0.8538 0.8374 0.6602 0.7388 0.8261 0.6805 0.8832 0.7352 0.6897 0.7352 0.8630 0.8618 0.6393 0.7819 0.8914 0.6678 0.6678 0.7725 0.7808 0.8427 0.7410 0.7109 0.8717 0.6897 0.7410 0.6897 0.8812 0.6678 0.7352 0.4795 0.9166 0.7229 0.8670
MANINKAKAN_EASTERN       0.3948 0.7966 0.7641 0.7524 0.4262 0.7881 0.8427 0.7066 0.4586 0.8587 0.8444 0.5479 0.7491 0.7703 0.7641 0.7763 0.7703 0.7491 0.7941 0.8427 0.8038 0.7945 0.4378 0.4262 0.4693 0.8352 0.7491 0.8572 0.6748 0.6205 0.7002 0.3923 0.4378 0.6393 0.4262 0.4586 0.6712 0.4994 0.4795 0.4693 0.4586 0.8338 0.7846 0.8082 0.4512 0.7703 0.5822 0.7323 0.8015 0.4879 0.5505 0.6339 0.0000 0.7846 0.7458 0.4110 0.4795 0.8371 0.5505 0.8356 0.4693 0.4586 0.4693 0.7733 0.8293 0.4411 0.7733 0.8730 0.4586 0.4262 0.7119 0.7192 0.7831 0.6282 0.4586 0.7964 0.3923 0.7306 0.4897 0.7991 0.4262 0.4693 0.4219 0.8489 0.6282 0.7458
MANN                     0.7968 0.8644 0.8038 0.7921 0.7671 0.6584 0.7610 0.8091 0.7671 0.6826 0.6448 0.7671 0.8060 0.8444 0.7154 0.7819 0.8114 0.7555 0.7458 0.6826 0.8082 0.7504 0.7703 0.7860 0.7888 0.5901 0.4136 0.6989 0.7860 0.7831 0.7442 0.7860 0.7511 0.8034 0.7476 0.7476 0.7555 0.7511 0.7915 0.7511 0.7671 0.8219 0.7728 0.8275 0.7376 0.6336 0.7555 0.7402 0.8374 0.8055 0.7872 0.8538 0.7846 0.0000 0.4885 0.7524 0.7915 0.8572 0.7524 0.6849 0.7703 0.7671 0.7511 0.7231 0.7051 0.7524 0.6613 0.7192 0.7066 0.7860 0.8013 0.7442 0.7109 0.7897 0.7476 0.5562 0.7860 0.7376 0.7476 0.6117 0.7860 0.7511 0.7555 0.6748 0.7555 0.4324
MANO_MANN_2              0.7615 0.8477 0.8179 0.7897 0.7234 0.6727 0.7763 0.7703 0.7440 0.7388 0.7424 0.7234 0.8038 0.8091 0.7306 0.7610 0.7733 0.7524 0.7032 0.7578 0.8219 0.7643 0.7274 0.7440 0.7274 0.7234 0.6759 0.7352 0.7831 0.7605 0.7229 0.7440 0.7274 0.8013 0.7234 0.7234 0.7700 0.7066 0.7511 0.7274 0.7440 0.8356 0.8038 0.8257 0.7524 0.6507 0.7700 0.7148 0.8509 0.7725 0.7306 0.8374 0.7458 0.4885 0.0000 0.7306 0.7511 0.7860 0.7306 0.7376 0.7274 0.7440 0.7274 0.7578 0.7534 0.7306 0.7192 0.7545 0.7021 0.7440 0.7671 0.7410 0.7860 0.7872 0.7021 0.6748 0.7440 0.7524 0.7440 0.7306 0.7440 0.7274 0.7154 0.7570 0.7700 0.6282
MARKA                    0.4342 0.8158 0.7671 0.7376 0.4693 0.7750 0.8281 0.7109 0.4378 0.7941 0.7966 0.4049 0.7872 0.8427 0.7306 0.7791 0.7151 0.7342 0.7424 0.7763 0.7897 0.7643 0.4169 0.4693 0.5088 0.8017 0.6960 0.7733 0.7021 0.5479 0.7410 0.4378 0.4169 0.6443 0.4378 0.4693 0.6117 0.4488 0.4595 0.5088 0.4693 0.7872 0.7342 0.7945 0.4885 0.7545 0.5405 0.6454 0.7700 0.5201 0.6056 0.6602 0.4110 0.7524 0.7306 0.0000 0.4595 0.7860 0.5327 0.7897 0.4795 0.4693 0.4795 0.7763 0.8013 0.4795 0.7192 0.8427 0.3705 0.4693 0.7156 0.7229 0.8219 0.6339 0.4378 0.7402 0.4378 0.6553 0.4049 0.7671 0.4693 0.4795 0.4027 0.8331 0.6117 0.6917
MAUKAKAN                 0.5247 0.7476 0.8241 0.8114 0.2523 0.7945 0.8352 0.6137 0.2073 0.8352 0.8197 0.5114 0.7151 0.7770 0.7314 0.7440 0.7363 0.7545 0.7639 0.8174 0.7941 0.8015 0.1814 0.2073 0.2705 0.8266 0.7151 0.8151 0.7007 0.5917 0.7231 0.1598 0.2271 0.6805 0.1598 0.2073 0.6729 0.4237 0.1065 0.2705 0.1598 0.7915 0.7545 0.8158 0.5532 0.7770 0.6276 0.6654 0.7545 0.5308 0.6215 0.7388 0.4795 0.7915 0.7511 0.4595 0.0000 0.7907 0.5717 0.8114 0.1814 0.2073 0.1814 0.7801 0.8524 0.5453 0.7192 0.8506 0.2950 0.2073 0.7700 0.7791 0.8289 0.6507 0.1598 0.7418 0.1598 0.6944 0.2523 0.7703 0.2073 0.1332 0.4986 0.8020 0.6507 0.7314
MENDE                    0.7966 0.5562 0.8390 0.8261 0.7846 0.8238 0.8676 0.8101 0.7846 0.8506 0.8352 0.8048 0.8067 0.8489 0.8042 0.8352 0.7739 0.8409 0.8352 0.8331 0.8261 0.8477 0.7877 0.7846 0.7877 0.8432 0.8572 0.8311 0.8432 0.8219 0.8114 0.7846 0.7877 0.8038 0.7846 0.7846 0.7703 0.7671 0.7907 0.8075 0.7846 0.6678 0.7109 0.6826 0.7888 0.8126 0.7511 0.7561 0.6678 0.8060 0.7860 0.8261 0.8371 0.8572 0.7860 0.7860 0.7907 0.0000 0.7671 0.8427 0.7877 0.7846 0.7877 0.8676 0.8657 0.8219 0.8151 0.8311 0.7846 0.7846 0.8179 0.8114 0.9132 0.7888 0.7846 0.8020 0.7846 0.7703 0.7846 0.8390 0.7846 0.7877 0.7888 0.7991 0.8067 0.8556
MIXIFORE                 0.5621 0.7458 0.7846 0.7728 0.5562 0.7750 0.8114 0.6678 0.5284 0.8281 0.8301 0.5829 0.7872 0.8261 0.7114 0.7231 0.7545 0.7342 0.7791 0.7941 0.8219 0.7968 0.5641 0.5829 0.6151 0.7831 0.7154 0.8091 0.7021 0.5753 0.7042 0.5562 0.5370 0.4623 0.4994 0.5284 0.3396 0.4795 0.5717 0.5370 0.5284 0.7700 0.7524 0.7945 0.2710 0.7352 0.3718 0.6205 0.7700 0.5659 0.5327 0.6805 0.5505 0.7524 0.7306 0.5327 0.5717 0.7671 0.0000 0.8060 0.5370 0.5562 0.5370 0.7763 0.8013 0.5066 0.6989 0.8091 0.4693 0.5829 0.7671 0.7410 0.8042 0.6759 0.5284 0.7801 0.5562 0.4610 0.4994 0.7671 0.5829 0.5370 0.4885 0.8331 0.6759 0.7306
MWAN_2                   0.8144 0.8657 0.8950 0.8832 0.8241 0.7799 0.8477 0.7941 0.8241 0.8158 0.7846 0.8241 0.8238 0.8616 0.7555 0.8015 0.8301 0.7921 0.8015 0.7819 0.8552 0.8593 0.8091 0.8241 0.8261 0.7511 0.6849 0.7966 0.8241 0.7671 0.8124 0.8241 0.8261 0.8055 0.8241 0.8241 0.7756 0.7733 0.8114 0.8261 0.8241 0.8822 0.8682 0.8293 0.7921 0.8136 0.7756 0.8017 0.8822 0.8360 0.8219 0.8832 0.8356 0.6849 0.7376 0.7897 0.8114 0.8427 0.8060 0.0000 0.8261 0.8241 0.8261 0.8158 0.8344 0.7897 0.7991 0.8301 0.8241 0.8241 0.8468 0.7968 0.7915 0.8082 0.8067 0.6849 0.8241 0.7921 0.8241 0.7555 0.8241 0.8261 0.8082 0.7440 0.8238 0.6602
NIGBIKAN                 0.5163 0.7440 0.8219 0.8091 0.1865 0.7921 0.8331 0.6067 0.1370 0.8331 0.8174 0.5327 0.7314 0.7936 0.7476 0.7605 0.7323 0.7511 0.7605 0.8151 0.7915 0.7991 0.2523 0.1865 0.2073 0.8243 0.7314 0.8126 0.6957 0.5837 0.7192 0.1370 0.2073 0.6759 0.1370 0.1865 0.6678 0.3742 0.1332 0.1598 0.0291 0.7888 0.7511 0.8136 0.5453 0.7739 0.6215 0.6592 0.7511 0.5230 0.6151 0.7352 0.4693 0.7703 0.7274 0.4795 0.1814 0.7877 0.5370 0.8261 0.0000 0.1370 0.0564 0.7770 0.8509 0.5370 0.7148 0.8489 0.2332 0.1865 0.7671 0.7763 0.8266 0.6451 0.2332 0.7599 0.1370 0.6897 0.1865 0.7671 0.1865 0.1096 0.4892 0.8194 0.6451 0.7476
NOWOLOKAKAN              0.5077 0.7402 0.8017 0.7888 0.1644 0.7897 0.8311 0.5993 0.2131 0.8311 0.8151 0.5540 0.7274 0.7907 0.7440 0.7570 0.7056 0.7476 0.7570 0.8126 0.7888 0.7966 0.1370 0.1644 0.1370 0.8219 0.7274 0.8101 0.6904 0.6045 0.7151 0.1128 0.1865 0.6712 0.1644 0.1128 0.6625 0.4338 0.1598 0.2332 0.1128 0.7860 0.7476 0.8114 0.5370 0.7705 0.6151 0.6529 0.7476 0.5150 0.6085 0.6897 0.4586 0.7671 0.7440 0.4693 0.2073 0.7846 0.5562 0.8241 0.1370 0.0000 0.1370 0.7739 0.8493 0.4994 0.7103 0.8470 0.2131 0.0581 0.7458 0.7733 0.8048 0.6393 0.2592 0.7561 0.1128 0.6849 0.1644 0.7639 0.0581 0.1370 0.4169 0.8168 0.6393 0.7440
SAGAKAKAN                0.5163 0.7440 0.8042 0.7915 0.1865 0.7921 0.8331 0.6067 0.1370 0.8331 0.8174 0.5012 0.7314 0.7936 0.7476 0.7605 0.7323 0.7511 0.7605 0.8151 0.7733 0.7819 0.2523 0.1865 0.2523 0.8048 0.7109 0.8126 0.6957 0.5837 0.7192 0.1370 0.1598 0.6759 0.1370 0.1865 0.6678 0.3742 0.1332 0.1096 0.0291 0.7888 0.7511 0.8136 0.5453 0.7739 0.6215 0.6592 0.7511 0.5230 0.6151 0.7352 0.4693 0.7511 0.7274 0.4795 0.1814 0.7877 0.5370 0.8261 0.0564 0.1370 0.0000 0.7770 0.8509 0.5370 0.6925 0.8489 0.1865 0.1865 0.7671 0.7763 0.8266 0.6451 0.2332 0.7599 0.1370 0.6897 0.1865 0.7671 0.1865 0.0564 0.4892 0.8194 0.6451 0.7274
