 6
GILYAK_AMUR            0.0000 0.2365 0.1669 0.2497 0.2014 0.2544
GILYAK_EAST_SAKHALIN   0.2365 0.0000 0.2334 0.1728 0.2637 0.2568
GILYAK_NORTH_SAKHALIN  0.1669 0.2334 0.0000 0.2054 0.1739 0.2518
GILYAK_SOUTH_SAKHALIN  0.2497 0.1728 0.2054 0.0000 0.2593 0.2311
GILYAK_WEST_SAKHALIN   0.2014 0.2637 0.1739 0.2593 0.0000 0.2840
NIVKH                  0.2544 0.2568 0.2518 0.2311 0.2840 0.0000
