 16
BOBAWA       0.0000 0.8834 0.8830 0.8714 0.0578 0.0578 0.8520 0.1853 0.8850 0.9055 0.1121 0.1121 0.1362 0.8358 0.8417 0.4846
GALELA       0.8834 0.0000 0.5466 0.6354 0.8834 0.8834 0.6041 0.8842 0.6808 0.6106 0.8834 0.8834 0.8842 0.6735 0.7413 0.8170
LODA         0.8830 0.5466 0.0000 0.4595 0.8830 0.8830 0.4032 0.8841 0.5719 0.5865 0.8830 0.8830 0.8841 0.6250 0.7148 0.8556
MADOLE       0.8714 0.6354 0.4595 0.0000 0.8714 0.8714 0.4060 0.8726 0.5688 0.5575 0.8714 0.8714 0.8726 0.5781 0.7239 0.8232
MALAPA       0.0578 0.8834 0.8830 0.8714 0.0000 0.0000 0.8520 0.1853 0.8850 0.9055 0.0578 0.0578 0.1362 0.8358 0.8417 0.4601
NGOFABOBAWA  0.0578 0.8834 0.8830 0.8714 0.0000 0.0000 0.8520 0.1853 0.8850 0.9055 0.0578 0.0578 0.1362 0.8358 0.8417 0.4601
PAGU         0.8520 0.6041 0.4032 0.4060 0.8520 0.8520 0.0000 0.8535 0.5493 0.5607 0.8520 0.8520 0.8535 0.5351 0.6990 0.8186
SABALE       0.1853 0.8842 0.8841 0.8726 0.1853 0.1853 0.8535 0.0000 0.8860 0.9062 0.2318 0.2318 0.2061 0.8376 0.8431 0.5156
SAHU         0.8850 0.6808 0.5719 0.5688 0.8850 0.8850 0.5493 0.8860 0.0000 0.5755 0.8850 0.8850 0.8860 0.6553 0.7506 0.8806
TABARU       0.9055 0.6106 0.5865 0.5575 0.9055 0.9055 0.5607 0.9062 0.5755 0.0000 0.9055 0.9055 0.9062 0.5865 0.7489 0.8697
TAFASOHO     0.1121 0.8834 0.8830 0.8714 0.0578 0.0578 0.8520 0.2318 0.8850 0.9055 0.0000 0.0000 0.0841 0.8358 0.8417 0.4601
TAGONO       0.1121 0.8834 0.8830 0.8714 0.0578 0.0578 0.8520 0.2318 0.8850 0.9055 0.0000 0.0000 0.0841 0.8358 0.8417 0.4601
TALAPAO      0.1362 0.8842 0.8841 0.8726 0.1362 0.1362 0.8535 0.2061 0.8860 0.9062 0.0841 0.0841 0.0000 0.8376 0.8431 0.4685
TERNATE      0.8358 0.6735 0.6250 0.5781 0.8358 0.8358 0.5351 0.8376 0.6553 0.5865 0.8358 0.8358 0.8376 0.0000 0.5132 0.8186
TIDORE       0.8417 0.7413 0.7148 0.7239 0.8417 0.8417 0.6990 0.8431 0.7506 0.7489 0.8417 0.8417 0.8431 0.5132 0.0000 0.8141
WEST_MAKIAN  0.4846 0.8170 0.8556 0.8232 0.4601 0.4601 0.8186 0.5156 0.8806 0.8697 0.4601 0.4601 0.4685 0.8186 0.8141 0.0000
