 254
ABAGA                    0.0000 0.9926 0.8995 0.9782 0.9926 0.9926 0.9621 0.9773 0.9926 0.9634 0.9926 0.9539 0.9926 0.9926 0.9926 0.9926 0.9926 0.9780 0.9784 0.9926 0.9744 0.9773 0.9771 0.9771 0.9926 0.9778 0.9926 0.9926 0.9771 0.8873 0.9780 0.9780 0.9926 0.9926 0.9926 0.9926 0.9784 0.9763 0.9630 0.9768 0.9926 0.9806 0.9926 0.9926 0.9773 0.9926 0.9507 0.9926 0.9768 0.9621 0.9926 0.9926 0.9926 0.9926 0.9778 0.9926 0.9926 0.9782 0.9567 0.9780 0.9926 0.9286 0.9926 0.9397 0.9501 0.9654 0.9142 0.9782 0.9926 0.9926 0.9926 0.9621 0.9926 0.9512 0.9776 0.9773 0.9926 0.9926 0.9776 0.9926 0.9926 0.9606 0.9926 0.9926 0.9926 0.9468 0.9589 0.9421 0.9926 0.9926 0.9926 0.9611 0.9926 0.9926 0.9374 0.9926 0.9926 0.9634 0.9642 0.9776 0.9926 0.9625 0.9800 0.9646 0.9926 0.9926 0.9926 0.9778 0.9926 0.9589 0.9778 0.9926 0.9926 0.9778 0.9926 0.9768 0.9766 0.9778 0.9638 0.9926 0.9926 0.9602 0.9784 0.9621 0.9780 0.9926 0.9768 0.9778 0.9926 0.9926 0.9926 0.9642 0.9926 0.9926 0.9926 0.9926 0.9926 0.9926 0.9784 0.9926 0.9634 0.9768 0.9621 0.9768 0.9616 0.9926 0.9773 0.9926 0.9926 0.9780 0.9926 0.9768 0.9784 0.9621 0.9926 0.9778 0.9766 0.9926 0.9926 0.9926 0.9926 0.9773 0.9926 0.9926 0.9926 0.9784 0.9926 0.9926 0.9784 0.9926 0.9926 0.9926 0.9776 0.9926 0.9926 0.9926 0.9776 0.9616 0.9778 0.9646 0.9286 0.9926 0.9926 0.9616 0.9778 0.9771 0.9926 0.9782 0.9926 0.9926 0.9494 0.9778 0.9771 0.9768 0.9788 0.9481 0.9926 0.9475 0.9926 0.9786 0.9773 0.9768 0.9771 0.9786 0.9926 0.9780 0.9792 0.9780 0.9780 0.9926 0.9926 0.9926 0.9926 0.9926 0.9475 0.9554 0.9638 0.9768 0.9768 0.9468 0.9776 0.9926 0.9778 0.9766 0.9926 0.9926 0.9621 0.9926 0.9621 0.9926 0.9776 0.9926 0.9625 0.9773 0.9926 0.9782 0.9778 0.9926 0.9776 0.9926 0.9634 0.9926 0.9448 0.9776 0.9273 0.9926 0.9773 0.9926 0.9430 0.9121 0.9621 0.9926 0.9926 0.9776
ABASAKUR                 0.9926 0.0000 0.9658 0.9075 0.9512 0.9468 0.9646 0.9786 0.9529 0.9658 0.9488 0.9442 0.9795 0.9351 0.9788 0.9658 0.9665 0.9926 0.9795 0.9063 0.9840 0.9494 0.9638 0.9784 0.9784 0.9790 0.9351 0.9382 0.9784 0.9799 0.8904 0.8741 0.9518 0.9544 0.9634 0.9650 0.9795 0.9778 0.9063 0.9782 0.9926 0.9700 0.9658 0.9778 0.9342 0.9646 0.9539 0.9481 0.9782 0.9788 0.9658 0.9642 0.9217 0.9642 0.9359 0.9374 0.9539 0.9794 0.9591 0.9367 0.9800 0.9642 0.9207 0.9926 0.9799 0.9675 0.9576 0.9926 0.9488 0.9494 0.9359 0.9646 0.9534 0.9802 0.9788 0.9642 0.9563 0.9494 0.9646 0.8873 0.9087 0.9782 0.9681 0.9524 0.9544 0.9507 0.9926 0.9625 0.9481 0.9468 0.9790 0.9638 0.9512 0.9389 0.9549 0.9529 0.9813 0.9658 0.9529 0.9788 0.9625 0.9650 0.9567 0.9397 0.9518 0.9524 0.8904 0.9650 0.9782 0.9296 0.9790 0.9797 0.9529 0.9207 0.9571 0.9634 0.9926 0.9050 0.9237 0.9367 0.9634 0.9827 0.9524 0.9196 0.9512 0.9237 0.9782 0.9207 0.9642 0.9661 0.9650 0.9529 0.9784 0.8758 0.9650 0.9507 0.9658 0.9534 0.9524 0.9237 0.9794 0.9782 0.8873 0.9782 0.9642 0.9671 0.9642 0.9367 0.9488 0.9512 0.9790 0.9782 0.9661 0.9037 0.9634 0.9507 0.9315 0.9794 0.9315 0.9264 0.9529 0.9642 0.9658 0.9795 0.9634 0.9661 0.9625 0.9481 0.9926 0.9544 0.9634 0.9534 0.9196 0.9494 0.9099 0.9367 0.8704 0.9926 0.9359 0.9397 0.9494 0.9475 0.9246 0.9786 0.9790 0.9638 0.9650 0.9374 0.9374 0.9788 0.9926 0.9650 0.9488 0.9782 0.9668 0.9518 0.9382 0.9512 0.9638 0.9246 0.9494 0.9481 0.9638 0.9246 0.9207 0.9063 0.9802 0.9217 0.9792 0.9780 0.9507 0.9790 0.9099 0.9501 0.9367 0.9813 0.9795 0.9782 0.9782 0.9650 0.9788 0.8889 0.9207 0.9315 0.9382 0.9367 0.9788 0.9529 0.9788 0.9786 0.9501 0.9795 0.9790 0.9642 0.9512 0.8593 0.9790 0.9650 0.8873 0.9642 0.9518 0.9037 0.9595 0.9646 0.9811 0.9814 0.9185 0.8947 0.9926 0.9926 0.9926 0.9776 0.9382 0.9351
ALEKANO                  0.8995 0.9658 0.0000 0.9797 0.9926 0.9782 0.9654 0.9650 0.9800 0.9797 0.9926 0.6204 0.9799 0.9792 0.9926 0.9797 0.9800 0.9795 0.9534 0.9661 0.9669 0.9790 0.9926 0.9926 0.9926 0.9794 0.9926 0.9926 0.9788 0.7289 0.9795 0.9926 0.9797 0.9805 0.9926 0.9794 0.9799 0.9481 0.9795 0.9786 0.9784 0.9705 0.9797 0.9926 0.9790 0.9926 0.6056 0.9926 0.9786 0.9654 0.9665 0.9650 0.9926 0.9650 0.9926 0.9926 0.9678 0.9797 0.9710 0.9661 0.9926 0.9507 0.9794 0.9057 0.9410 0.9681 0.3309 0.9797 0.9926 0.9650 0.9926 0.9792 0.9675 0.8409 0.9792 0.9650 0.9926 0.9790 0.9367 0.9926 0.9926 0.9642 0.9808 0.9534 0.9926 0.9374 0.9475 0.9324 0.9786 0.9782 0.9658 0.9788 0.9524 0.9926 0.8881 0.9539 0.9816 0.9529 0.9800 0.9654 0.9782 0.9794 0.9695 0.9675 0.9797 0.9926 0.9926 0.9926 0.9642 0.9780 0.9518 0.9800 0.9671 0.9658 0.9698 0.9786 0.9926 0.9926 0.8961 0.9926 0.9642 0.9829 0.9926 0.9926 0.9524 0.9799 0.9926 0.9794 0.9790 0.9799 0.9518 0.9671 0.9926 0.9926 0.9926 0.9794 0.9665 0.9802 0.9668 0.9926 0.9529 0.9786 0.9792 0.9642 0.9650 0.9678 0.9790 0.9926 0.9646 0.9661 0.9658 0.9786 0.9668 0.9654 0.9786 0.9794 0.9638 0.9926 0.9638 0.9549 0.9800 0.9507 0.9665 0.9668 0.9786 0.9534 0.9634 0.9642 0.9397 0.9805 0.9786 0.9926 0.9926 0.9926 0.9800 0.9926 0.9792 0.9790 0.9926 0.9675 0.9507 0.9926 0.9926 0.9790 0.9794 0.9788 0.9794 0.9926 0.9926 0.9926 0.9404 0.9794 0.9646 0.9642 0.9544 0.7941 0.9799 0.9795 0.9926 0.9926 0.9650 0.9642 0.9351 0.9539 0.9926 0.9926 0.9926 0.9795 0.9926 0.9926 0.9658 0.9794 0.9926 0.9926 0.9795 0.9470 0.9799 0.9494 0.9642 0.6136 0.9367 0.9926 0.9658 0.9784 0.9926 0.9926 0.9367 0.9926 0.9792 0.9926 0.9792 0.9534 0.9658 0.9790 0.9661 0.9926 0.9518 0.9794 0.9654 0.9790 0.9797 0.9792 0.8210 0.9654 0.8946 0.9705 0.9926 0.9800 0.9926 0.8205 0.9654 0.9630 0.9534 0.9792
AMAIMON                  0.9782 0.9075 0.9797 0.0000 0.9382 0.9324 0.9654 0.9650 0.9671 0.9246 0.9788 0.9695 0.9668 0.9217 0.9792 0.9797 0.9800 0.9087 0.9799 0.9382 0.9756 0.9790 0.9926 0.9926 0.9788 0.9518 0.9367 0.9397 0.9646 0.9802 0.8444 0.8612 0.9099 0.9554 0.9342 0.9374 0.9668 0.9481 0.8444 0.9786 0.9488 0.9705 0.9797 0.9926 0.9207 0.9792 0.9678 0.9786 0.9642 0.9654 0.9529 0.9359 0.9237 0.9507 0.9518 0.9246 0.9549 0.9529 0.9485 0.9524 0.9803 0.8723 0.9374 0.9811 0.9675 0.9681 0.9584 0.9797 0.9351 0.9507 0.9374 0.9512 0.9675 0.9681 0.9654 0.9507 0.9321 0.9207 0.9217 0.9367 0.9668 0.9642 0.9306 0.9397 0.9805 0.9374 0.9630 0.9634 0.8857 0.9782 0.9658 0.9501 0.9524 0.9539 0.9926 0.9539 0.9588 0.9529 0.9264 0.9367 0.9634 0.9518 0.9453 0.9410 0.9529 0.9534 0.8933 0.9227 0.9642 0.8981 0.9794 0.9404 0.9539 0.9374 0.9459 0.9642 0.9638 0.9227 0.9397 0.9524 0.9494 0.9628 0.9668 0.9792 0.9661 0.9255 0.9786 0.8758 0.9050 0.9799 0.9658 0.9800 0.9351 0.8792 0.9658 0.9794 0.9246 0.9410 0.9397 0.9534 0.9665 0.9786 0.8572 0.9642 0.9507 0.9281 0.9507 0.9524 0.9351 0.9524 0.9658 0.9494 0.9110 0.9063 0.9494 0.9227 0.9488 0.9665 0.9333 0.9417 0.9121 0.9650 0.9529 0.9110 0.9642 0.9397 0.9782 0.9494 0.9397 0.9681 0.9786 0.9675 0.8741 0.9050 0.8000 0.9661 0.9217 0.9507 0.9075 0.9410 0.9359 0.9488 0.9671 0.9507 0.9518 0.9501 0.9518 0.9099 0.9529 0.9792 0.9800 0.9374 0.9646 0.9642 0.9802 0.9665 0.9255 0.9382 0.9501 0.9264 0.9790 0.9342 0.9351 0.9404 0.9075 0.9087 0.9681 0.9382 0.9524 0.9926 0.9658 0.9227 0.9671 0.9063 0.9087 0.9225 0.9110 0.9642 0.9786 0.9794 0.9792 0.8246 0.9075 0.9638 0.9668 0.9524 0.9654 0.9404 0.9512 0.9650 0.9367 0.9799 0.9658 0.9507 0.9087 0.8466 0.9794 0.9794 0.8741 0.9359 0.9389 0.8904 0.9602 0.9512 0.9813 0.9705 0.9207 0.8000 0.9784 0.9812 0.9792 0.9475 0.9534 0.9512
AMELE                    0.9926 0.9512 0.9926 0.9382 0.0000 0.9630 0.9790 0.9926 0.9926 0.9524 0.9342 0.9926 0.9797 0.9359 0.9650 0.9661 0.9668 0.9926 0.9665 0.9926 0.9841 0.9788 0.9786 0.9786 0.8685 0.9063 0.9507 0.7755 0.9024 0.9926 0.9075 0.9518 0.9524 0.9678 0.9638 0.9217 0.9926 0.9630 0.9518 0.9784 0.9782 0.9816 0.9795 0.9630 0.9196 0.9926 0.9926 0.9926 0.9926 0.9650 0.9795 0.9926 0.9658 0.9646 0.9063 0.9237 0.9926 0.9926 0.9708 0.9374 0.9802 0.9351 0.9654 0.9809 0.9539 0.9678 0.9926 0.9795 0.8136 0.9196 0.8572 0.9207 0.9800 0.9803 0.9359 0.9788 0.9809 0.6433 0.9790 0.9359 0.9926 0.9926 0.9806 0.9797 0.9678 0.9654 0.9625 0.9926 0.6555 0.9926 0.9512 0.9642 0.9926 0.9534 0.9926 0.9799 0.9926 0.9795 0.9668 0.9507 0.9926 0.9792 0.9692 0.9671 0.9661 0.9389 0.9658 0.9367 0.9926 0.9625 0.9792 0.9799 0.9668 0.9512 0.9695 0.9784 0.9782 0.9367 0.9665 0.9227 0.9784 0.9625 0.9926 0.9790 0.9518 0.9529 0.9784 0.9367 0.9351 0.9797 0.9792 0.9668 0.9342 0.9237 0.9063 0.9654 0.9926 0.9926 0.9529 0.9926 0.9795 0.9784 0.9359 0.9926 0.9501 0.9802 0.9196 0.9518 0.9926 0.8422 0.9792 0.9174 0.9389 0.9507 0.9926 0.9792 0.9926 0.9087 0.9782 0.9544 0.9926 0.9501 0.9926 0.9797 0.9926 0.9926 0.9926 0.9638 0.9797 0.9549 0.9926 0.9800 0.9650 0.5360 0.9534 0.9794 0.9507 0.9788 0.9367 0.9671 0.9646 0.8823 0.9926 0.9351 0.8904 0.9642 0.9367 0.9524 0.9382 0.9359 0.9926 0.9512 0.9786 0.9784 0.9671 0.9926 0.7364 0.9374 0.9024 0.9397 0.9788 0.9926 0.9642 0.9668 0.8904 0.8919 0.9678 0.9075 0.9518 0.9634 0.9654 0.9792 0.9926 0.9207 0.8919 0.9814 0.9797 0.9926 0.9926 0.9926 0.9926 0.9792 0.9654 0.9634 0.9926 0.9227 0.9650 0.9255 0.9050 0.9196 0.9650 0.9665 0.9926 0.9037 0.9794 0.9382 0.9926 0.9792 0.9650 0.9501 0.9661 0.9359 0.9819 0.9507 0.9926 0.9588 0.9351 0.9534 0.9926 0.9811 0.9207 0.9926 0.9797 0.9650
ANGAL                    0.9926 0.9468 0.9782 0.9324 0.9630 0.0000 0.7063 0.9773 0.9642 0.8645 0.9446 0.9539 0.9488 0.9621 0.9776 0.9634 0.9494 0.9630 0.9926 0.8805 0.9836 0.9773 0.9611 0.9611 0.9771 0.9138 0.9776 0.9333 0.9611 0.9926 0.9475 0.9475 0.8645 0.9654 0.9438 0.9625 0.9010 0.9421 0.9315 0.9438 0.9430 0.9298 0.9634 0.9926 0.9453 0.9621 0.9650 0.9768 0.9085 0.9461 0.8995 0.8933 0.9315 0.9286 0.9625 0.9324 0.9507 0.9162 0.8908 0.9630 0.9926 0.9453 0.9306 0.9926 0.9646 0.9792 0.9549 0.9782 0.9275 0.9616 0.9468 0.9776 0.9646 0.9654 0.9621 0.9286 0.9255 0.9453 0.9296 0.9296 0.9784 0.9085 0.7910 0.7488 0.9654 0.9306 0.9413 0.9763 0.9264 0.9055 0.9306 0.9446 0.9630 0.9642 0.9658 0.9185 0.9681 0.8823 0.9494 0.9296 0.9241 0.9468 0.7444 0.6677 0.9782 0.9174 0.9630 0.9625 0.9606 0.9413 0.9468 0.9342 0.9342 0.8965 0.9410 0.8899 0.9430 0.9306 0.9333 0.9630 0.9438 0.8887 0.9638 0.9461 0.8624 0.9488 0.9606 0.9306 0.9616 0.9488 0.9625 0.8857 0.9771 0.9324 0.9778 0.9138 0.8823 0.8704 0.9333 0.9784 0.8995 0.9438 0.9461 0.9085 0.8933 0.9050 0.9773 0.9780 0.9099 0.9475 0.9306 0.9768 0.9010 0.9296 0.9438 0.9468 0.9600 0.9634 0.8482 0.9207 0.8857 0.9112 0.8823 0.8840 0.9085 0.9174 0.9241 0.9085 0.9784 0.9512 0.9438 0.9926 0.9296 0.9453 0.9342 0.9475 0.9926 0.9773 0.9625 0.6913 0.9453 0.9600 0.9786 0.9616 0.9926 0.9446 0.9778 0.9324 0.9634 0.9776 0.8857 0.9306 0.9275 0.9264 0.9501 0.9634 0.9638 0.9150 0.9926 0.9642 0.9453 0.9264 0.9611 0.9185 0.9625 0.9315 0.9792 0.9315 0.9780 0.9926 0.9306 0.9306 0.9786 0.9776 0.9630 0.8719 0.9010 0.9606 0.9264 0.9778 0.9461 0.9468 0.9625 0.9430 0.9784 0.9630 0.9621 0.9494 0.9621 0.9926 0.9461 0.9638 0.9306 0.9926 0.9315 0.9324 0.9468 0.9778 0.9296 0.9453 0.9481 0.9776 0.9692 0.9621 0.9926 0.9558 0.9773 0.9342 0.9430 0.9800 0.9776 0.8843 0.9333 0.9296
ANGAL_HENENG             0.9621 0.9646 0.9654 0.9654 0.9790 0.7063 0.0000 0.9638 0.9524 0.8904 0.9926 0.9687 0.9518 0.9926 0.9786 0.9512 0.9524 0.9650 0.9926 0.9207 0.9840 0.9638 0.9481 0.9481 0.9634 0.9351 0.9926 0.9658 0.9481 0.9665 0.9926 0.9650 0.9063 0.9404 0.9630 0.9788 0.9075 0.9461 0.9507 0.9475 0.9778 0.9459 0.9654 0.9926 0.9926 0.9642 0.9668 0.9630 0.8981 0.9642 0.9217 0.9174 0.9650 0.9488 0.9926 0.9792 0.9668 0.9512 0.8701 0.9790 0.9668 0.9638 0.9351 0.9806 0.9665 0.9671 0.9571 0.9654 0.9481 0.9638 0.9501 0.9786 0.9665 0.9404 0.9494 0.9488 0.9430 0.9638 0.9494 0.9342 0.9658 0.8981 0.8547 0.8422 0.9671 0.9501 0.9453 0.9621 0.9315 0.9461 0.9351 0.9634 0.9650 0.9795 0.9544 0.9237 0.9812 0.9217 0.9524 0.9926 0.9461 0.9501 0.8750 0.8121 0.9654 0.9374 0.9790 0.9926 0.9630 0.9453 0.9646 0.9661 0.9237 0.9646 0.9181 0.9150 0.9306 0.9501 0.9518 0.9790 0.9630 0.8944 0.9658 0.9642 0.9359 0.9794 0.9315 0.9646 0.9784 0.9227 0.9646 0.9087 0.9782 0.9367 0.9788 0.9501 0.9063 0.9389 0.9075 0.9658 0.9217 0.9475 0.9926 0.9315 0.9333 0.9255 0.9638 0.9926 0.9481 0.9790 0.9501 0.9630 0.9518 0.9342 0.9630 0.9501 0.9625 0.9512 0.9306 0.9397 0.9524 0.9488 0.9063 0.9075 0.9315 0.9227 0.9296 0.9630 0.9658 0.9404 0.9475 0.9797 0.9185 0.9638 0.9524 0.9207 0.9786 0.9784 0.9788 0.8296 0.9488 0.9778 0.9661 0.9174 0.9646 0.9634 0.9646 0.9926 0.9512 0.9642 0.9087 0.9788 0.9162 0.9315 0.9099 0.9654 0.9794 0.9359 0.9782 0.9926 0.9333 0.9475 0.9782 0.9087 0.9926 0.9650 0.9539 0.9507 0.9790 0.9926 0.9501 0.9646 0.9661 0.9926 0.9926 0.9200 0.9227 0.9630 0.9315 0.9788 0.9494 0.9501 0.9788 0.9778 0.9658 0.9926 0.9494 0.9661 0.9786 0.9784 0.9926 0.9658 0.9351 0.9638 0.9359 0.9367 0.9501 0.9646 0.9642 0.9926 0.9654 0.9786 0.9705 0.9494 0.9567 0.9698 0.9926 0.9524 0.9306 0.9687 0.9494 0.9286 0.9374 0.9185
ANGAUA                   0.9773 0.9786 0.9650 0.9650 0.9926 0.9773 0.9638 0.0000 0.9518 0.9650 0.9630 0.9684 0.9792 0.9926 0.9784 0.9790 0.9794 0.8873 0.9654 0.9646 0.9750 0.9782 0.9926 0.9926 0.9475 0.9786 0.9784 0.9792 0.9780 0.9795 0.9788 0.9788 0.9507 0.9110 0.9778 0.9642 0.9512 0.9453 0.9646 0.9625 0.9926 0.9695 0.9507 0.9773 0.9782 0.9926 0.9665 0.9778 0.9625 0.9333 0.9650 0.9634 0.9926 0.9634 0.9786 0.9790 0.9665 0.9507 0.9700 0.9646 0.9529 0.9634 0.9494 0.9926 0.9926 0.9926 0.9567 0.9507 0.9630 0.9481 0.9494 0.9488 0.9661 0.9534 0.9784 0.9481 0.9805 0.9782 0.9488 0.9926 0.9654 0.9468 0.9410 0.9654 0.9668 0.9786 0.9771 0.9773 0.9778 0.9616 0.9786 0.9926 0.9788 0.9658 0.9671 0.9658 0.9811 0.9507 0.9794 0.9638 0.9616 0.9786 0.9684 0.9795 0.9650 0.9926 0.9926 0.9926 0.9468 0.9771 0.9786 0.9794 0.9518 0.9642 0.9563 0.9468 0.9926 0.9786 0.9654 0.9926 0.9778 0.9721 0.9792 0.9926 0.9788 0.9926 0.9778 0.9642 0.9782 0.9217 0.9786 0.9658 0.9630 0.9926 0.9926 0.9494 0.9650 0.9795 0.9512 0.9792 0.9507 0.9625 0.9638 0.9625 0.9782 0.9797 0.9634 0.9788 0.9315 0.9788 0.9642 0.9468 0.9792 0.9926 0.9468 0.9642 0.9125 0.9650 0.9776 0.9665 0.9658 0.9481 0.9650 0.9792 0.9625 0.9512 0.9453 0.9625 0.9654 0.9534 0.9468 0.9795 0.9784 0.9782 0.9658 0.9501 0.9784 0.9324 0.9926 0.9661 0.9782 0.9926 0.9926 0.9324 0.9642 0.9780 0.9342 0.9790 0.9207 0.9488 0.9794 0.9642 0.9780 0.9468 0.9795 0.9650 0.9792 0.9788 0.9475 0.9794 0.9782 0.9306 0.9475 0.9374 0.9926 0.9788 0.9397 0.9926 0.9926 0.9776 0.9786 0.9786 0.9658 0.9784 0.9351 0.9571 0.9654 0.9306 0.9468 0.9786 0.9333 0.9642 0.9926 0.9621 0.9926 0.9926 0.9333 0.9926 0.9784 0.9634 0.9784 0.9792 0.9786 0.9324 0.9646 0.9650 0.9494 0.9926 0.9784 0.9634 0.9790 0.9784 0.9349 0.9174 0.9687 0.9812 0.9926 0.9794 0.9776 0.9684 0.9784 0.9611 0.9792 0.9333
ANGGURUK_YALI            0.9926 0.9529 0.9800 0.9671 0.9926 0.9642 0.9524 0.9518 0.0000 0.9404 0.9792 0.9814 0.9675 0.9795 0.9524 0.9539 0.9549 0.9534 0.9926 0.9397 0.9759 0.9658 0.9654 0.9654 0.9792 0.9926 0.9795 0.9802 0.9792 0.9805 0.9799 0.9668 0.9264 0.9808 0.9650 0.9529 0.9675 0.9786 0.9926 0.9790 0.9501 0.9710 0.9671 0.9786 0.9658 0.8444 0.9806 0.9050 0.9507 0.9795 0.9404 0.9374 0.9668 0.9518 0.9665 0.9926 0.9684 0.9800 0.9606 0.9799 0.9926 0.9794 0.9665 0.9926 0.9805 0.9687 0.9705 0.9926 0.9926 0.9658 0.9926 0.9795 0.9805 0.9808 0.9926 0.9518 0.9459 0.9926 0.9661 0.9661 0.6884 0.9650 0.9571 0.9544 0.9808 0.9665 0.9784 0.9926 0.9926 0.9642 0.9797 0.9654 0.9534 0.9281 0.9690 0.9549 0.9708 0.9404 0.9678 0.9795 0.9786 0.9529 0.9700 0.9681 0.5147 0.9410 0.9668 0.9797 0.9790 0.9488 0.9797 0.9549 0.9803 0.9926 0.9349 0.9650 0.9646 0.9665 0.9802 0.9668 0.9507 0.9634 0.8685 0.9795 0.9534 0.9802 0.9790 0.9665 0.9658 0.9802 0.9665 0.9281 0.9792 0.9671 0.9926 0.9797 0.9404 0.9554 0.9410 0.7483 0.9671 0.9790 0.9926 0.9650 0.9518 0.9298 0.9926 0.9799 0.9512 0.9799 0.9797 0.9926 0.9544 0.9524 0.9507 0.9389 0.9788 0.9926 0.9351 0.9684 0.9417 0.9374 0.9404 0.9273 0.9650 0.9544 0.9642 0.9790 0.9675 0.9306 0.9650 0.9805 0.9795 0.9926 0.9678 0.4476 0.9382 0.9794 0.9926 0.9681 0.9658 0.9926 0.7330 0.9794 0.9926 0.9512 0.9665 0.9926 0.9800 0.9926 0.9803 0.9797 0.9063 0.9650 0.9681 0.9671 0.9802 0.9799 0.9926 0.9926 0.9658 0.9650 0.9512 0.9678 0.9926 0.9926 0.9808 0.9926 0.9799 0.9788 0.9665 0.9665 0.6724 0.9795 0.9799 0.9362 0.9410 0.9790 0.9650 0.9797 0.9661 0.9665 0.9665 0.9926 0.8200 0.9799 0.9795 0.9926 0.9661 0.9926 0.9926 0.9675 0.9797 0.9926 0.9397 0.9671 0.9246 0.8631 0.9795 0.9926 0.9671 0.9661 0.9823 0.9661 0.9926 0.9485 0.9926 0.9803 0.9788 0.9814 0.9795 0.9488 0.9544 0.9661
ANGIYAKMIN_FAIWOL        0.9634 0.9658 0.9797 0.9246 0.9524 0.8645 0.8904 0.9650 0.9404 0.0000 0.9788 0.9812 0.9534 0.9926 0.9512 0.9246 0.9404 0.9661 0.9926 0.9237 0.9842 0.9926 0.9788 0.9788 0.9646 0.9518 0.9654 0.9397 0.9788 0.9802 0.9524 0.9795 0.5775 0.9423 0.9786 0.9658 0.9397 0.9634 0.9237 0.9342 0.8299 0.9475 0.9246 0.9634 0.9926 0.9654 0.9803 0.9642 0.9342 0.9512 0.8466 0.8552 0.9382 0.9359 0.9794 0.9665 0.9142 0.9529 0.9368 0.9795 0.9678 0.9359 0.9374 0.9926 0.9802 0.9681 0.9700 0.9797 0.9351 0.9507 0.9518 0.9512 0.9675 0.9681 0.9654 0.9359 0.9571 0.9650 0.9217 0.9654 0.9799 0.9342 0.9035 0.8961 0.9681 0.9518 0.9630 0.9782 0.9342 0.9481 0.9374 0.9646 0.9237 0.9671 0.9558 0.9539 0.9470 0.9246 0.9539 0.9926 0.9162 0.9075 0.9328 0.9410 0.9529 0.9397 0.9926 0.9926 0.9642 0.9315 0.9794 0.8000 0.9404 0.9518 0.8809 0.9342 0.9333 0.9658 0.9534 0.9926 0.8508 0.9312 0.9668 0.9512 0.9087 0.9799 0.9642 0.9518 0.9507 0.9534 0.9227 0.9264 0.9646 0.9665 0.9518 0.9794 0.8121 0.8528 0.9255 0.9799 0.9099 0.9342 0.9654 0.9342 0.9359 0.7882 0.9790 0.9661 0.9196 0.9661 0.9518 0.9786 0.9534 0.9654 0.9342 0.8246 0.9488 0.9389 0.9174 0.9417 0.9264 0.9359 0.8466 0.7788 0.9342 0.9255 0.9481 0.9342 0.9668 0.8867 0.9494 0.9675 0.9367 0.9359 0.9404 0.9382 0.9063 0.9507 0.9658 0.9410 0.9650 0.9638 0.9800 0.9359 0.9658 0.9646 0.9658 0.9529 0.9529 0.9792 0.9539 0.9926 0.9196 0.9342 0.9544 0.9665 0.9668 0.9382 0.9646 0.9926 0.9650 0.9342 0.9501 0.9539 0.9794 0.9661 0.9554 0.9661 0.9382 0.9638 0.9227 0.8422 0.9800 0.9792 0.9524 0.6948 0.5595 0.9642 0.9342 0.9926 0.9654 0.9518 0.9518 0.9638 0.9799 0.9795 0.9512 0.9800 0.9654 0.9650 0.9792 0.9668 0.8919 0.9790 0.8933 0.9389 0.9658 0.9658 0.9367 0.9650 0.9529 0.9926 0.9712 0.9512 0.9813 0.9475 0.9790 0.9671 0.9784 0.9695 0.9792 0.8624 0.9397 0.9367
ARAWUM                   0.9926 0.9488 0.9926 0.9788 0.9342 0.9446 0.9926 0.9630 0.9792 0.9788 0.0000 0.9926 0.9650 0.9634 0.9782 0.9926 0.9792 0.9642 0.9650 0.9494 0.9749 0.9780 0.9778 0.9778 0.9625 0.9488 0.9634 0.9507 0.9625 0.9926 0.9342 0.9342 0.9646 0.9389 0.9125 0.9638 0.9650 0.9926 0.9024 0.9621 0.9773 0.9692 0.9788 0.9771 0.8981 0.9926 0.9926 0.9926 0.9621 0.9162 0.9646 0.9926 0.9185 0.9780 0.8840 0.8873 0.9795 0.9501 0.9813 0.9185 0.9795 0.8981 0.9333 0.9926 0.9518 0.9797 0.9926 0.9788 0.9468 0.9630 0.9174 0.9481 0.9794 0.9665 0.9634 0.9630 0.9678 0.9475 0.9481 0.9481 0.9790 0.9461 0.9671 0.9650 0.9797 0.9333 0.9768 0.9771 0.9621 0.9275 0.9333 0.9306 0.9926 0.9512 0.9799 0.9792 0.9809 0.9646 0.9217 0.9324 0.9611 0.9638 0.9681 0.9518 0.9646 0.9359 0.9786 0.9638 0.9776 0.9768 0.9784 0.9792 0.9367 0.9333 0.9806 0.9621 0.9773 0.9638 0.9790 0.9342 0.9926 0.9824 0.9650 0.7872 0.9494 0.9507 0.9926 0.9784 0.9630 0.9650 0.9926 0.9512 0.9468 0.9501 0.9488 0.9784 0.9788 0.9794 0.9507 0.9926 0.9646 0.9621 0.9481 0.9926 0.9315 0.9524 0.9780 0.9642 0.9306 0.9342 0.9638 0.9621 0.9207 0.9481 0.9926 0.9926 0.9773 0.9788 0.9616 0.9382 0.9367 0.9475 0.9646 0.9926 0.9621 0.9926 0.9446 0.9461 0.9790 0.9926 0.9621 0.9658 0.9324 0.9630 0.9512 0.9642 0.9634 0.9630 0.9010 0.9518 0.8805 0.8933 0.9926 0.9315 0.9638 0.8787 0.9488 0.8873 0.9501 0.9634 0.9792 0.9333 0.9468 0.9776 0.9518 0.9646 0.9650 0.9024 0.9468 0.9217 0.9630 0.9621 0.9778 0.9512 0.8840 0.8857 0.9389 0.9494 0.9642 0.9616 0.9488 0.9784 0.9792 0.9481 0.8857 0.9809 0.9926 0.9776 0.9461 0.9926 0.9782 0.9638 0.9638 0.9616 0.9790 0.9024 0.9634 0.8904 0.8995 0.9475 0.9324 0.9650 0.9926 0.9630 0.9926 0.9351 0.9488 0.9784 0.9324 0.9150 0.9501 0.9481 0.9814 0.9324 0.9926 0.9692 0.8981 0.9654 0.9926 0.9805 0.9782 0.9768 0.9790 0.9634
ASARO                    0.9539 0.9442 0.6204 0.9695 0.9926 0.9539 0.9687 0.9684 0.9814 0.9812 0.9926 0.0000 0.9698 0.9808 0.9808 0.9812 0.9814 0.9692 0.9813 0.9692 0.9608 0.9684 0.9926 0.9926 0.9805 0.9690 0.9808 0.9926 0.9926 0.7808 0.9692 0.9926 0.9812 0.9595 0.9678 0.9809 0.9813 0.9404 0.9811 0.9678 0.9675 0.9521 0.9812 0.9926 0.9806 0.9808 0.2291 0.9803 0.9678 0.9687 0.9695 0.9684 0.9926 0.9806 0.9926 0.9812 0.9705 0.9695 0.9731 0.9811 0.9926 0.9684 0.9809 0.9271 0.9703 0.9595 0.5672 0.9812 0.9805 0.9806 0.9809 0.9808 0.9470 0.8862 0.9926 0.9558 0.9926 0.9806 0.9436 0.9687 0.9926 0.9549 0.9602 0.9335 0.9818 0.9567 0.9668 0.9264 0.9678 0.9800 0.9690 0.9805 0.9448 0.9700 0.9368 0.9464 0.9827 0.9453 0.9814 0.9687 0.9671 0.9809 0.9719 0.9588 0.9812 0.9698 0.9811 0.9926 0.9803 0.9799 0.9442 0.9814 0.9700 0.9809 0.9616 0.9678 0.9802 0.9690 0.9459 0.9926 0.9678 0.9747 0.9813 0.9687 0.9448 0.9698 0.9803 0.9690 0.9806 0.9698 0.9442 0.9700 0.9681 0.9695 0.9690 0.9690 0.9576 0.9816 0.9335 0.9926 0.9576 0.9678 0.9687 0.9417 0.9684 0.9817 0.9806 0.9811 0.9805 0.9811 0.9690 0.9678 0.9580 0.9563 0.9549 0.9809 0.9410 0.9812 0.9675 0.9355 0.9700 0.9558 0.9576 0.9580 0.9803 0.9459 0.9800 0.9549 0.9698 0.9708 0.9678 0.9926 0.9808 0.9926 0.9926 0.9926 0.9808 0.9926 0.9926 0.9588 0.9684 0.9802 0.9926 0.9926 0.9690 0.9805 0.9809 0.9812 0.9812 0.9687 0.9700 0.9809 0.9681 0.9678 0.9588 0.7549 0.9813 0.9811 0.9805 0.9814 0.9684 0.9678 0.9423 0.9700 0.9809 0.9692 0.9926 0.9811 0.9926 0.9926 0.9690 0.9809 0.9926 0.9926 0.9811 0.9517 0.9813 0.9678 0.9678 0.5134 0.9306 0.9809 0.9809 0.9675 0.9926 0.9926 0.9563 0.9926 0.9808 0.9806 0.9687 0.9459 0.9567 0.9806 0.9692 0.9926 0.9567 0.9809 0.9926 0.9684 0.9695 0.9926 0.7872 0.9808 0.9053 0.9727 0.9926 0.9700 0.9926 0.8541 0.9808 0.9668 0.9459 0.9808
ASARO7O                  0.9926 0.9795 0.9799 0.9668 0.9797 0.9488 0.9518 0.9792 0.9675 0.9534 0.9650 0.9698 0.0000 0.9794 0.9518 0.9668 0.9675 0.9529 0.9926 0.9099 0.9843 0.9926 0.9926 0.9926 0.9650 0.9795 0.9518 0.9926 0.9790 0.9678 0.9797 0.9665 0.9397 0.9298 0.9788 0.9524 0.9264 0.9784 0.9797 0.9501 0.9642 0.9362 0.9534 0.9784 0.9792 0.9658 0.9423 0.9501 0.9501 0.9227 0.9397 0.9512 0.9665 0.9792 0.9661 0.9799 0.9554 0.9799 0.9820 0.9529 0.9805 0.9512 0.8272 0.9926 0.9926 0.9806 0.9703 0.9799 0.9926 0.9512 0.9926 0.9658 0.9803 0.9558 0.9658 0.9792 0.9695 0.9792 0.9075 0.9926 0.9404 0.9501 0.9567 0.9539 0.9684 0.9524 0.9481 0.9638 0.9926 0.9333 0.9524 0.9650 0.9665 0.9675 0.9926 0.9544 0.9705 0.9397 0.9802 0.9926 0.9784 0.9661 0.9698 0.9678 0.9534 0.9671 0.9665 0.9661 0.9351 0.9481 0.9382 0.9802 0.9544 0.9926 0.9342 0.9501 0.9342 0.9926 0.9800 0.9797 0.9788 0.9731 0.9539 0.9794 0.9246 0.9926 0.9926 0.9661 0.9792 0.9671 0.9661 0.9544 0.9926 0.9926 0.9795 0.9795 0.9668 0.9549 0.9671 0.9539 0.9534 0.9501 0.9794 0.9351 0.9512 0.9681 0.9654 0.9389 0.9650 0.9529 0.8933 0.9501 0.9539 0.9926 0.9351 0.9661 0.9786 0.9799 0.8857 0.9554 0.9132 0.9512 0.9534 0.9671 0.9501 0.9404 0.9784 0.9351 0.9671 0.9558 0.9351 0.9678 0.9658 0.9926 0.9802 0.9529 0.9926 0.9926 0.9795 0.9678 0.9512 0.9494 0.9675 0.9512 0.9661 0.9790 0.9524 0.9799 0.9668 0.9658 0.9802 0.9926 0.9650 0.9501 0.9549 0.9799 0.9926 0.9665 0.9926 0.9802 0.9654 0.9646 0.9507 0.9802 0.9661 0.9665 0.9684 0.9797 0.9926 0.9786 0.9524 0.9795 0.9410 0.9926 0.9665 0.9705 0.9671 0.9501 0.9646 0.9795 0.9518 0.9795 0.9926 0.9786 0.9539 0.9797 0.9227 0.9675 0.9658 0.9926 0.9518 0.9671 0.9795 0.9654 0.9665 0.9926 0.9524 0.9795 0.9794 0.9792 0.9668 0.9658 0.9715 0.9374 0.9814 0.9595 0.9654 0.9802 0.9786 0.9926 0.9794 0.9634 0.9404 0.9518
ASAS                     0.9926 0.9351 0.9792 0.9217 0.9359 0.9621 0.9926 0.9926 0.9795 0.9926 0.9634 0.9808 0.9794 0.0000 0.9786 0.9654 0.9661 0.9650 0.9658 0.9650 0.9926 0.9926 0.9782 0.9782 0.9481 0.9646 0.9342 0.9518 0.9481 0.9797 0.9207 0.9359 0.9792 0.9800 0.8981 0.9646 0.9658 0.9296 0.9207 0.9780 0.9926 0.9698 0.9792 0.9776 0.8665 0.9786 0.9799 0.9630 0.9926 0.9786 0.9926 0.9784 0.9507 0.9638 0.9351 0.8741 0.9799 0.9792 0.9703 0.9507 0.9926 0.9333 0.9926 0.9806 0.9797 0.9539 0.9692 0.9926 0.9324 0.9488 0.9351 0.9494 0.9926 0.9539 0.9494 0.9784 0.9684 0.9333 0.9926 0.9494 0.9926 0.9780 0.9678 0.9794 0.9539 0.9788 0.9616 0.9926 0.9475 0.9926 0.9926 0.9324 0.9790 0.9661 0.9926 0.9661 0.9812 0.9792 0.9524 0.7530 0.9776 0.9788 0.9808 0.9797 0.9926 0.9518 0.9507 0.9037 0.9926 0.9616 0.9646 0.9926 0.9795 0.9351 0.9690 0.9926 0.9625 0.9501 0.9658 0.8723 0.9926 0.9826 0.9794 0.9342 0.9650 0.9518 0.9780 0.9196 0.9784 0.9926 0.9788 0.9661 0.9634 0.9367 0.9351 0.9788 0.9792 0.9797 0.9518 0.9926 0.9926 0.9780 0.9342 0.9926 0.9784 0.9926 0.9488 0.9359 0.9926 0.9359 0.9788 0.9475 0.9227 0.9494 0.9780 0.9926 0.9926 0.9512 0.9926 0.9534 0.9795 0.9926 0.9926 0.9926 0.9926 0.9658 0.9621 0.9926 0.9794 0.9264 0.9926 0.9797 0.9494 0.9488 0.9382 0.9790 0.9342 0.9784 0.9501 0.9797 0.9638 0.9468 0.9926 0.9638 0.9501 0.9162 0.9788 0.9654 0.9367 0.9494 0.9795 0.7359 0.9634 0.9926 0.9926 0.9792 0.9374 0.9507 0.9481 0.6443 0.9926 0.9780 0.9481 0.9795 0.9037 0.9359 0.9926 0.9050 0.9507 0.9778 0.9788 0.9646 0.9926 0.9494 0.9359 0.9576 0.9794 0.9926 0.9780 0.9788 0.9786 0.9196 0.9501 0.9625 0.9658 0.8889 0.9642 0.9237 0.9185 0.9488 0.9926 0.9794 0.9926 0.9488 0.9790 0.8904 0.9926 0.9646 0.9494 0.9488 0.9512 0.9185 0.9705 0.9642 0.9809 0.9698 0.9333 0.9237 0.9625 0.9687 0.9642 0.9926 0.9794 0.9494
ASMATH_NORTH             0.9926 0.9788 0.9926 0.9792 0.9650 0.9776 0.9786 0.9784 0.9524 0.9512 0.9782 0.9808 0.9518 0.9786 0.0000 0.7017 0.7114 0.9507 0.9926 0.9790 0.9479 0.9784 0.9782 0.9782 0.9782 0.9788 0.9642 0.9658 0.9634 0.9797 0.9207 0.9650 0.9512 0.9539 0.9926 0.9926 0.9658 0.9621 0.9650 0.9475 0.9468 0.9580 0.6558 0.6812 0.9488 0.9786 0.9799 0.9780 0.9630 0.9494 0.9367 0.9333 0.9359 0.9488 0.9646 0.9926 0.9534 0.9512 0.9816 0.9507 0.9799 0.9638 0.9646 0.9926 0.9797 0.9926 0.9811 0.9926 0.9634 0.9926 0.9788 0.9642 0.9665 0.9800 0.9926 0.9333 0.9684 0.9784 0.9185 0.9786 0.9658 0.9780 0.9803 0.9794 0.9926 0.9351 0.9773 0.9776 0.9630 0.9621 0.9788 0.9634 0.9507 0.9926 0.9802 0.9795 0.9328 0.9654 0.9661 0.9786 0.9461 0.9501 0.9808 0.9797 0.9792 0.9658 0.9507 0.9646 0.9630 0.9453 0.9788 0.9524 0.9524 0.9351 0.9567 0.9630 0.9468 0.9926 0.9658 0.9790 0.9475 0.9619 0.9794 0.9786 0.9507 0.9658 0.9780 0.9646 0.9638 0.9658 0.9646 0.9661 0.9324 0.9792 0.9788 0.9646 0.9217 0.9665 0.9658 0.9658 0.9654 0.9475 0.9786 0.9475 0.9488 0.9668 0.9784 0.9507 0.9324 0.9650 0.9501 0.9780 0.9374 0.9786 0.9315 0.9196 0.8965 0.9792 0.9778 0.9534 0.9524 0.9638 0.9367 0.9374 0.9630 0.9518 0.9621 0.9780 0.9518 0.9404 0.9630 0.9797 0.9642 0.9638 0.9795 0.9650 0.9185 0.9638 0.9646 0.9797 0.9638 0.9926 0.9661 0.9784 0.9646 0.9481 0.9926 0.9512 0.9512 0.9642 0.9795 0.9926 0.9634 0.9475 0.9797 0.9654 0.9794 0.9790 0.9634 0.9926 0.9784 0.9780 0.9481 0.9524 0.9926 0.9790 0.9539 0.9790 0.9926 0.6872 0.9646 0.9351 0.9661 0.9342 0.9790 0.9328 0.9518 0.9475 0.9780 0.9926 0.9786 0.9646 0.9646 0.9778 0.9794 0.9650 0.9642 0.9926 0.9642 0.9638 0.9494 0.9926 0.9646 0.9638 0.9650 0.9792 0.9646 0.9646 0.9494 0.9784 0.9512 0.9926 0.9817 0.9786 0.9809 0.9335 0.9784 0.9795 0.9926 0.9808 0.9786 0.9453 0.9658 0.9494
ASMAT_CENTRAL            0.9926 0.9658 0.9797 0.9797 0.9661 0.9634 0.9512 0.9790 0.9539 0.9246 0.9926 0.9812 0.9668 0.9654 0.7017 0.0000 0.3970 0.9661 0.9926 0.9524 0.9491 0.9790 0.9788 0.9788 0.9788 0.9518 0.9792 0.9799 0.9788 0.9926 0.9524 0.9661 0.9246 0.9554 0.9926 0.9926 0.9534 0.9481 0.9795 0.9642 0.9488 0.9705 0.5244 0.5956 0.9650 0.9654 0.9803 0.9642 0.9494 0.9367 0.9529 0.9507 0.9661 0.9359 0.9794 0.9926 0.9678 0.9797 0.9599 0.9661 0.9803 0.9507 0.9658 0.9926 0.9926 0.9805 0.9700 0.9926 0.9646 0.9650 0.9926 0.9792 0.9132 0.9681 0.9926 0.9207 0.9692 0.9926 0.9367 0.9792 0.9534 0.9642 0.9436 0.9255 0.9926 0.9658 0.9780 0.9782 0.9786 0.9481 0.9658 0.9788 0.9661 0.9671 0.9806 0.9671 0.9349 0.9529 0.9800 0.9792 0.9634 0.9227 0.9576 0.9410 0.9529 0.9668 0.9524 0.9926 0.9642 0.9475 0.9794 0.9539 0.9539 0.9518 0.9459 0.9494 0.9488 0.9926 0.9397 0.9926 0.9342 0.9525 0.9534 0.9792 0.9661 0.9926 0.9786 0.9794 0.9790 0.9534 0.9518 0.9539 0.9788 0.9797 0.9794 0.9518 0.9389 0.9410 0.9534 0.9668 0.9529 0.9642 0.9792 0.9642 0.9359 0.9678 0.9790 0.9661 0.9351 0.9795 0.9374 0.9926 0.9534 0.9792 0.9642 0.9227 0.9174 0.9926 0.9333 0.9678 0.9539 0.9050 0.9529 0.9534 0.9494 0.9534 0.9481 0.9642 0.9668 0.9152 0.9642 0.9802 0.9654 0.9926 0.9800 0.9524 0.9654 0.9507 0.9926 0.9410 0.9507 0.9784 0.9539 0.9926 0.9794 0.9646 0.9658 0.9797 0.9665 0.9926 0.9800 0.9926 0.9501 0.9642 0.9675 0.9529 0.9926 0.9795 0.9926 0.9671 0.9650 0.9642 0.9788 0.9539 0.9926 0.9926 0.9681 0.9926 0.9795 0.6033 0.9374 0.9227 0.9539 0.9926 0.9795 0.9349 0.9255 0.9642 0.9642 0.9926 0.9654 0.9658 0.9658 0.9488 0.9668 0.9795 0.9367 0.9926 0.9654 0.9790 0.9792 0.9668 0.9374 0.9790 0.9524 0.9797 0.9658 0.9518 0.9654 0.9790 0.9665 0.9926 0.9926 0.9654 0.9926 0.9591 0.9790 0.9800 0.9638 0.9926 0.9926 0.9630 0.9397 0.9217
ASMAT_YAOSAKOR           0.9926 0.9665 0.9800 0.9800 0.9668 0.9494 0.9524 0.9794 0.9549 0.9404 0.9792 0.9814 0.9675 0.9661 0.7114 0.3970 0.0000 0.9668 0.9802 0.9668 0.9498 0.9658 0.9654 0.9654 0.9792 0.9529 0.9795 0.9802 0.9792 0.9926 0.9397 0.9668 0.9404 0.9306 0.9790 0.9926 0.9675 0.9342 0.9799 0.9650 0.9646 0.9710 0.5672 0.6368 0.9658 0.9661 0.9806 0.9650 0.9207 0.9382 0.9404 0.9374 0.9668 0.9374 0.9529 0.9926 0.9558 0.9671 0.9494 0.9397 0.9558 0.9374 0.9665 0.9926 0.9805 0.9926 0.9705 0.9671 0.9654 0.9518 0.9926 0.9661 0.9012 0.9563 0.9926 0.9374 0.9698 0.9926 0.9382 0.9795 0.9544 0.9507 0.9571 0.9544 0.9808 0.9665 0.9784 0.9642 0.9790 0.9642 0.9389 0.9792 0.9534 0.9549 0.9690 0.9678 0.9241 0.9539 0.9678 0.9795 0.9642 0.9099 0.9584 0.9554 0.9404 0.9675 0.9534 0.9926 0.9650 0.9174 0.9665 0.9678 0.9281 0.9529 0.9470 0.9507 0.9501 0.9926 0.9273 0.9668 0.9507 0.9430 0.9675 0.9661 0.9668 0.9926 0.9790 0.9797 0.9794 0.9273 0.9389 0.9281 0.9654 0.9800 0.9665 0.9665 0.9264 0.9554 0.9675 0.9675 0.9539 0.9650 0.9661 0.9650 0.9227 0.9684 0.9794 0.9668 0.9217 0.9799 0.9246 0.9926 0.9410 0.9795 0.9650 0.9389 0.9196 0.9926 0.9501 0.9684 0.9678 0.9227 0.9539 0.9544 0.9507 0.9675 0.9342 0.9650 0.9544 0.9172 0.9359 0.9554 0.9524 0.9926 0.9803 0.9534 0.9661 0.9374 0.9926 0.9554 0.9518 0.9646 0.9549 0.9926 0.9797 0.9654 0.9529 0.9800 0.9671 0.9926 0.9678 0.9926 0.9367 0.9650 0.9423 0.9539 0.9926 0.9668 0.9792 0.9549 0.9518 0.9650 0.9792 0.9417 0.9926 0.9799 0.9436 0.9799 0.9799 0.6180 0.9529 0.9389 0.9549 0.9795 0.9926 0.9362 0.9410 0.9650 0.9507 0.9926 0.9524 0.9665 0.9665 0.9646 0.9675 0.9799 0.9382 0.9678 0.9524 0.9658 0.9795 0.9544 0.9389 0.9794 0.9255 0.9671 0.9389 0.9529 0.9661 0.9658 0.9671 0.9926 0.9926 0.9524 0.9926 0.9599 0.9794 0.9803 0.9788 0.9926 0.9926 0.9638 0.9675 0.9087
ATEMPLE                  0.9780 0.9926 0.9795 0.9087 0.9926 0.9630 0.9650 0.8873 0.9534 0.9661 0.9642 0.9692 0.9529 0.9650 0.9507 0.9661 0.9668 0.0000 0.9797 0.9374 0.9667 0.9646 0.9642 0.9642 0.9494 0.9792 0.9507 0.9926 0.9926 0.9800 0.9227 0.9518 0.9661 0.9678 0.9638 0.9654 0.9665 0.9630 0.9794 0.9488 0.9481 0.9470 0.9661 0.9780 0.9351 0.9650 0.9802 0.9784 0.9488 0.9207 0.9524 0.9501 0.9374 0.9788 0.9512 0.9237 0.9675 0.9661 0.9595 0.9926 0.9926 0.9351 0.9512 0.9926 0.9926 0.9926 0.9698 0.9926 0.9786 0.9646 0.9654 0.9790 0.9671 0.9549 0.9790 0.9501 0.9567 0.9926 0.9050 0.9790 0.9665 0.9638 0.9558 0.9665 0.9803 0.9217 0.9625 0.9926 0.9784 0.9780 0.9654 0.9642 0.9374 0.9534 0.9926 0.9799 0.9700 0.9524 0.9255 0.9507 0.9630 0.9512 0.9571 0.9671 0.9661 0.9665 0.9926 0.9512 0.9488 0.9468 0.9792 0.9534 0.9799 0.9654 0.9812 0.9638 0.9634 0.9792 0.9665 0.9794 0.9638 0.9521 0.9665 0.9790 0.9794 0.9797 0.9488 0.9512 0.9501 0.9665 0.9367 0.9668 0.9494 0.9795 0.9654 0.9792 0.9524 0.9671 0.9389 0.9797 0.9661 0.9488 0.9507 0.9784 0.9196 0.9544 0.9501 0.9518 0.9494 0.9926 0.9512 0.9488 0.9529 0.9790 0.9638 0.9654 0.9481 0.9661 0.9481 0.9802 0.9397 0.9501 0.9382 0.9665 0.9488 0.9099 0.9475 0.9333 0.9797 0.9803 0.9638 0.9671 0.9050 0.9788 0.9397 0.9658 0.9790 0.9501 0.9792 0.9539 0.9037 0.9926 0.9799 0.9646 0.9792 0.9786 0.9217 0.9661 0.9524 0.9507 0.9799 0.9512 0.9786 0.9488 0.9404 0.9661 0.9926 0.9518 0.9342 0.9397 0.9501 0.9333 0.9786 0.9668 0.9512 0.9658 0.9678 0.9926 0.9794 0.9782 0.9654 0.9512 0.9668 0.9926 0.9518 0.9584 0.9529 0.9488 0.9488 0.9792 0.9790 0.9512 0.9654 0.9782 0.9797 0.9658 0.9507 0.9668 0.9790 0.9501 0.9207 0.9797 0.9654 0.9501 0.9518 0.9661 0.9654 0.9792 0.9507 0.9351 0.9237 0.9790 0.9710 0.9207 0.9812 0.9588 0.9646 0.9397 0.9481 0.9692 0.9790 0.9468 0.9665 0.9790
AUYANA                   0.9784 0.9795 0.9534 0.9799 0.9665 0.9926 0.9926 0.9654 0.9926 0.9926 0.9650 0.9813 0.9926 0.9658 0.9926 0.9926 0.9802 0.9797 0.0000 0.9797 0.9404 0.9926 0.9926 0.9926 0.9650 0.9795 0.9926 0.9539 0.9926 0.9549 0.9529 0.9926 0.9799 0.9806 0.9351 0.9926 0.9926 0.9488 0.9529 0.9926 0.9926 0.9818 0.9799 0.9926 0.9367 0.9794 0.9805 0.9788 0.9788 0.9374 0.9668 0.9792 0.9665 0.9792 0.9795 0.9799 0.9681 0.9397 0.9602 0.9797 0.9805 0.9654 0.9795 0.8795 0.8224 0.9298 0.9588 0.9799 0.9790 0.9792 0.9795 0.9658 0.9000 0.9298 0.9794 0.9792 0.9812 0.9792 0.9794 0.9794 0.9539 0.9788 0.9690 0.9926 0.9684 0.9524 0.9634 0.9488 0.9926 0.9926 0.9795 0.9926 0.9926 0.9926 0.9808 0.9410 0.9705 0.9926 0.9675 0.9926 0.9488 0.9795 0.9813 0.9926 0.9799 0.9671 0.9926 0.9926 0.9926 0.9926 0.9795 0.9926 0.9675 0.9795 0.9814 0.9926 0.9926 0.9661 0.9404 0.9389 0.9926 0.9529 0.9671 0.9794 0.9797 0.9926 0.9646 0.9795 0.9792 0.9539 0.9926 0.9675 0.9790 0.9668 0.9661 0.9524 0.9799 0.9926 0.9404 0.9800 0.9799 0.9926 0.9658 0.9926 0.9792 0.9926 0.9654 0.9797 0.9790 0.9797 0.9661 0.9646 0.9671 0.9794 0.9788 0.9795 0.9642 0.9534 0.9786 0.9423 0.9544 0.9792 0.9668 0.9800 0.9788 0.9926 0.9926 0.9788 0.9264 0.9430 0.9788 0.9803 0.9518 0.9654 0.9802 0.9926 0.9518 0.9217 0.9926 0.9803 0.9654 0.9494 0.9675 0.9926 0.9795 0.9790 0.9795 0.9799 0.9668 0.9518 0.9675 0.9661 0.9650 0.9926 0.9803 0.9799 0.9800 0.9529 0.9650 0.9544 0.9792 0.9646 0.9926 0.9802 0.9382 0.9529 0.9558 0.9389 0.9797 0.9786 0.9524 0.9795 0.9544 0.9794 0.9665 0.9926 0.9926 0.9926 0.9788 0.9795 0.9926 0.9795 0.9795 0.9494 0.9671 0.9529 0.9658 0.9544 0.9658 0.9654 0.9658 0.9671 0.9926 0.9654 0.9926 0.9668 0.9661 0.9382 0.9926 0.9367 0.9534 0.9926 0.9606 0.9926 0.9700 0.9818 0.9654 0.9802 0.9642 0.9079 0.9794 0.9782 0.9671 0.9794
AWARA                    0.9926 0.9063 0.9661 0.9382 0.9926 0.8805 0.9207 0.9646 0.9397 0.9237 0.9494 0.9692 0.9099 0.9650 0.9790 0.9524 0.9668 0.9374 0.9797 0.0000 0.9755 0.9788 0.9494 0.9494 0.9786 0.9512 0.9650 0.9665 0.9786 0.9671 0.9227 0.9374 0.9087 0.9417 0.9488 0.9792 0.9099 0.9630 0.9518 0.9174 0.9634 0.9225 0.9661 0.9780 0.9501 0.9207 0.9675 0.9638 0.8840 0.8889 0.9237 0.9196 0.9374 0.9196 0.9512 0.9661 0.9410 0.9524 0.9362 0.9794 0.9675 0.9646 0.8399 0.9809 0.9926 0.9803 0.9459 0.9661 0.9786 0.9788 0.9654 0.9790 0.9404 0.9678 0.9650 0.9037 0.9442 0.9926 0.8723 0.9650 0.9529 0.8840 0.8735 0.8631 0.9803 0.9654 0.9778 0.9475 0.9784 0.9315 0.9367 0.9642 0.9374 0.9110 0.9423 0.9255 0.9464 0.8775 0.8961 0.9790 0.9475 0.9367 0.9191 0.8823 0.9661 0.9389 0.9658 0.9792 0.9333 0.9468 0.9792 0.9534 0.9255 0.9367 0.9453 0.8840 0.9324 0.9792 0.9665 0.9926 0.9333 0.9195 0.9099 0.9359 0.8758 0.9529 0.9784 0.9367 0.9646 0.9389 0.9512 0.9110 0.9642 0.9661 0.9367 0.9367 0.9382 0.8974 0.9099 0.9529 0.9087 0.9174 0.9650 0.9333 0.9501 0.9132 0.9926 0.9658 0.8685 0.9794 0.9063 0.9926 0.9529 0.9790 0.9333 0.9217 0.9324 0.9926 0.6985 0.9132 0.8148 0.8530 0.9382 0.9389 0.8665 0.8631 0.9150 0.8665 0.9797 0.9142 0.9010 0.9539 0.9207 0.9926 0.9255 0.9227 0.9650 0.9501 0.9367 0.8823 0.9646 0.9634 0.9534 0.9788 0.9926 0.9642 0.9512 0.9237 0.9661 0.9790 0.9799 0.9792 0.9024 0.9174 0.9404 0.9661 0.9926 0.9658 0.9786 0.9534 0.9196 0.8840 0.9926 0.9110 0.9654 0.9518 0.9803 0.9518 0.9794 0.9782 0.8904 0.9512 0.9397 0.9650 0.9658 0.9342 0.9529 0.9333 0.8840 0.9926 0.9507 0.9367 0.9792 0.9324 0.9246 0.9658 0.8889 0.9668 0.9790 0.9788 0.9359 0.9529 0.9367 0.9926 0.9374 0.9661 0.9654 0.9654 0.9207 0.9646 0.9382 0.9790 0.9819 0.9050 0.9812 0.9588 0.9501 0.9255 0.9481 0.9692 0.9926 0.9468 0.8296 0.9359
AWA_2                    0.9744 0.9840 0.9669 0.9756 0.9841 0.9836 0.9840 0.9750 0.9759 0.9842 0.9749 0.9608 0.9843 0.9926 0.9479 0.9491 0.9498 0.9667 0.9404 0.9755 0.0000 0.9839 0.9838 0.9838 0.9926 0.9926 0.9752 0.9671 0.9926 0.9589 0.9841 0.9755 0.9756 0.9763 0.9747 0.9840 0.9671 0.9650 0.9667 0.9655 0.9926 0.9697 0.9491 0.9555 0.9750 0.9926 0.9505 0.9747 0.9655 0.9571 0.9581 0.9568 0.9755 0.9750 0.9665 0.9926 0.9762 0.9581 0.9852 0.9667 0.9926 0.9660 0.9665 0.9606 0.9589 0.9421 0.9693 0.9842 0.9926 0.9839 0.9926 0.9926 0.9322 0.9509 0.9840 0.9568 0.9768 0.9839 0.9571 0.9840 0.9843 0.9747 0.9684 0.9758 0.9845 0.9665 0.9835 0.9744 0.9926 0.9650 0.9753 0.9838 0.9667 0.9674 0.9598 0.9587 0.9695 0.9756 0.9587 0.9840 0.9744 0.9665 0.9770 0.9760 0.9926 0.9584 0.9841 0.9665 0.9655 0.9551 0.9753 0.9759 0.9843 0.9665 0.9849 0.9747 0.9837 0.9753 0.9494 0.9841 0.9747 0.9926 0.9926 0.9840 0.9841 0.9926 0.9837 0.9926 0.9839 0.9843 0.9753 0.9587 0.9926 0.9842 0.9840 0.9665 0.9669 0.9844 0.9584 0.9843 0.9581 0.9655 0.9571 0.9562 0.9839 0.9592 0.9660 0.9755 0.9749 0.9755 0.9753 0.9747 0.9671 0.9752 0.9562 0.9753 0.9745 0.9926 0.9837 0.9417 0.9674 0.9750 0.9581 0.9584 0.9747 0.9843 0.9744 0.9747 0.9671 0.9509 0.9837 0.9844 0.9752 0.9839 0.9759 0.9841 0.9752 0.9839 0.9840 0.9760 0.9750 0.9837 0.9843 0.9839 0.9665 0.9838 0.9840 0.9756 0.9756 0.9840 0.9674 0.9926 0.9749 0.9562 0.9676 0.9756 0.9843 0.9578 0.9926 0.9926 0.9660 0.9747 0.9658 0.9759 0.9753 0.9841 0.9763 0.9755 0.9841 0.9558 0.9665 0.9575 0.9843 0.9840 0.9841 0.9695 0.9843 0.9562 0.9837 0.9753 0.9662 0.9753 0.9840 0.9653 0.9926 0.9755 0.9662 0.9843 0.9752 0.9926 0.9662 0.9404 0.9840 0.9660 0.9667 0.9842 0.9665 0.9926 0.9662 0.9568 0.9669 0.9840 0.9625 0.9662 0.9611 0.9618 0.9750 0.9843 0.9926 0.9356 0.9926 0.9648 0.9843 0.9752
AWYU_CENTRAL_KETAH       0.9773 0.9494 0.9790 0.9790 0.9788 0.9773 0.9638 0.9782 0.9658 0.9926 0.9780 0.9684 0.9926 0.9926 0.9784 0.9790 0.9658 0.9646 0.9926 0.9788 0.9839 0.0000 0.3545 0.3924 0.9926 0.9642 0.9926 0.9926 0.9780 0.9795 0.9926 0.9788 0.9926 0.9668 0.9778 0.9926 0.9926 0.9926 0.9788 0.9926 0.9776 0.9926 0.9790 0.9773 0.9926 0.9638 0.9665 0.9468 0.9625 0.9926 0.9926 0.9926 0.9646 0.9926 0.9494 0.9926 0.9665 0.9926 0.9464 0.9926 0.9529 0.9782 0.9494 0.9926 0.9795 0.9926 0.9809 0.9507 0.9780 0.9926 0.9926 0.9926 0.9795 0.9926 0.9926 0.9782 0.9012 0.9782 0.9784 0.9638 0.9367 0.9778 0.9802 0.9792 0.9668 0.9926 0.9926 0.9616 0.9625 0.9926 0.6858 0.9926 0.9351 0.9658 0.9671 0.9658 0.9571 0.9650 0.9794 0.9784 0.9926 0.9342 0.9558 0.9524 0.9650 0.9926 0.9788 0.9786 0.9926 0.9446 0.9642 0.9794 0.9518 0.9642 0.9808 0.9926 0.9926 0.9786 0.9792 0.9646 0.9778 0.9616 0.9654 0.9926 0.9788 0.9367 0.9625 0.9786 0.9926 0.9512 0.9494 0.9658 0.9926 0.9790 0.9926 0.9926 0.9926 0.9795 0.9654 0.9367 0.9790 0.9926 0.9926 0.9778 0.9926 0.9797 0.9634 0.9926 0.9926 0.9646 0.9786 0.9926 0.9654 0.9784 0.9778 0.9786 0.9621 0.9926 0.9926 0.9926 0.9926 0.9782 0.9790 0.9792 0.9625 0.9792 0.9926 0.9778 0.9926 0.9668 0.9625 0.9661 0.9926 0.9782 0.9794 0.9196 0.9333 0.9782 0.9786 0.9524 0.9782 0.9776 0.9374 0.9782 0.9926 0.9926 0.9786 0.9650 0.9790 0.9926 0.9926 0.9642 0.9315 0.9926 0.7524 0.9650 0.9654 0.9788 0.9926 0.9794 0.7444 0.9778 0.9926 0.9794 0.9786 0.9646 0.9799 0.9788 0.9926 0.9776 0.9926 0.9926 0.9374 0.9784 0.9926 0.9926 0.9926 0.9778 0.9778 0.9494 0.9488 0.9642 0.9926 0.9776 0.9367 0.9926 0.9784 0.9926 0.9784 0.9926 0.9926 0.9792 0.9642 0.9634 0.9351 0.9790 0.9494 0.9342 0.9784 0.9926 0.9359 0.9784 0.9816 0.9638 0.9808 0.9926 0.9926 0.9794 0.9776 0.9926 0.9638 0.9926 0.9792 0.9926
