 92
ALOAPAM_ZAPOTEC                       0.0000 0.5971 0.5937 0.9895 0.4667 0.9406 0.7887 0.7567 0.9374 0.9774 0.9634 0.9514 0.9550 0.9644 0.3092 0.9641 0.9616 0.9644 0.6488 0.9528 0.9638 0.4777 0.9641 0.9387 0.6037 0.9653 0.9374 0.9171 0.9641 0.9519 0.9616 0.9771 0.9659 0.9440 0.9627 0.9634 0.9514 0.5217 0.9528 0.9895 0.9895 0.9895 0.9895 0.9895 0.9782 0.9895 0.9895 0.9895 0.9524 0.9387 0.9634 0.9624 0.9631 0.9514 0.5301 0.5477 0.5729 0.9488 0.9769 0.9761 0.9353 0.9471 0.9620 0.9260 0.9509 0.5124 0.9465 0.9665 0.9519 0.9895 0.6995 0.9634 0.5729 0.9895 0.9773 0.9381 0.9124 0.5381 0.9499 0.0000 0.9528 0.7457 0.6488 0.5477 0.5301 0.6164 0.5905 0.2827 0.5442 0.5902 0.4947 0.4947
AMATLAN_ZAPOTEC                       0.5971 0.0000 0.5044 0.9895 0.5654 0.9653 0.7496 0.7532 0.9638 0.9647 0.9494 0.9374 0.9424 0.9374 0.5131 0.9768 0.9755 0.9641 0.5971 0.9650 0.9766 0.5677 0.9768 0.9644 0.5971 0.9524 0.9504 0.9418 0.9638 0.9644 0.9612 0.9895 0.9895 0.9784 0.9895 0.9895 0.9769 0.5131 0.9774 0.9895 0.9895 0.9895 0.9895 0.9895 0.9665 0.9895 0.9895 0.9895 0.9519 0.9381 0.9631 0.9895 0.9763 0.9769 0.5217 0.5902 0.5654 0.9895 0.9638 0.9759 0.9627 0.9755 0.9757 0.9387 0.9895 0.4764 0.9895 0.9780 0.9644 0.9895 0.6714 0.9765 0.5397 0.9895 0.9895 0.9509 0.9647 0.4764 0.9631 0.5971 0.9774 0.7421 0.6862 0.4567 0.5217 0.5381 0.5607 0.6543 0.7089 0.6312 0.5840 0.6326
AYOQUESCO_ZAPOTEC                     0.5937 0.5044 0.0000 0.9895 0.5601 0.9509 0.7341 0.7182 0.9482 0.9634 0.9757 0.9488 0.9528 0.9488 0.5328 0.9761 0.9747 0.9488 0.6653 0.9638 0.9895 0.5381 0.9761 0.9765 0.5138 0.9638 0.9337 0.9124 0.9482 0.9765 0.9895 0.9895 0.9771 0.9659 0.9895 0.9757 0.9627 0.4443 0.9638 0.9595 0.9751 0.9749 0.9631 0.9759 0.9528 0.9641 0.9755 0.9759 0.9499 0.9353 0.9471 0.9895 0.9895 0.9627 0.5680 0.5601 0.6117 0.9608 0.9895 0.9895 0.9755 0.9895 0.9895 0.9499 0.9895 0.5227 0.9895 0.9774 0.9353 0.9895 0.6721 0.9616 0.5328 0.9895 0.9895 0.9627 0.9360 0.5227 0.9616 0.5937 0.9768 0.7068 0.6423 0.5328 0.4850 0.5577 0.5555 0.6312 0.7112 0.6995 0.6267 0.6541
AZOYU_TLAPANEC                        0.9895 0.9895 0.9895 0.0000 0.9895 0.9777 0.9895 0.9895 0.9769 0.9774 0.9499 0.9514 0.9550 0.9514 0.9895 0.9769 0.9757 0.9895 0.9773 0.9895 0.9895 0.9781 0.9641 0.9895 0.9773 0.9268 0.9895 0.9546 0.9641 0.9895 0.9895 0.3760 0.9895 0.9785 0.9627 0.9895 0.9895 0.9895 0.9776 0.9757 0.9761 0.9620 0.9647 0.9768 0.9782 0.9777 0.9765 0.9768 0.9774 0.9773 0.9766 0.9761 0.9765 0.9514 0.9895 0.9895 0.9895 0.9895 0.9895 0.9895 0.9895 0.9757 0.9759 0.9895 0.9769 0.9895 0.9895 0.6793 0.9647 0.3635 0.9895 0.9895 0.9895 0.3433 0.4186 0.9644 0.9650 0.9774 0.9895 0.9895 0.9776 0.9778 0.9895 0.9895 0.9895 0.9895 0.9895 0.9895 0.9895 0.9895 0.9780 0.9895
CAJONOS_ZAPOTEC                       0.4667 0.5654 0.5601 0.9895 0.0000 0.9400 0.8031 0.7532 0.9367 0.9773 0.9631 0.9092 0.9299 0.9509 0.2947 0.9768 0.9755 0.9769 0.6432 0.9524 0.9766 0.5442 0.9638 0.9644 0.6432 0.9650 0.9504 0.9291 0.9768 0.9644 0.9755 0.9895 0.9656 0.9670 0.9761 0.9631 0.9641 0.5397 0.9524 0.9895 0.9895 0.9895 0.9895 0.9895 0.9781 0.9895 0.9895 0.9895 0.9387 0.9244 0.9494 0.9759 0.9763 0.9641 0.4667 0.5654 0.5131 0.9624 0.9638 0.9895 0.9627 0.9755 0.9757 0.9519 0.9638 0.5301 0.9753 0.9662 0.9514 0.9895 0.6714 0.9494 0.5902 0.9895 0.9895 0.9235 0.9114 0.5037 0.9631 0.4667 0.9650 0.7774 0.6432 0.5654 0.4667 0.5630 0.5607 0.5124 0.5840 0.4462 0.2771 0.3364
CHALCATONGO_MIXTEC                    0.9406 0.9653 0.9509 0.9777 0.9400 0.0000 0.9153 0.9291 0.8691 0.9537 0.9644 0.9400 0.9561 0.9528 0.9268 0.9124 0.9488 0.8995 0.9656 0.8312 0.9647 0.9557 0.9524 0.9533 0.9656 0.9541 0.9394 0.9196 0.9524 0.9143 0.9488 0.9776 0.5353 0.4542 0.7576 0.5729 0.4678 0.9653 0.9162 0.9345 0.9499 0.9631 0.9406 0.9519 0.9326 0.9299 0.9509 0.9773 0.9778 0.9533 0.9514 0.9070 0.9235 0.9134 0.9533 0.9400 0.9528 0.8623 0.9524 0.9634 0.9092 0.9198 0.9494 0.9412 0.9394 0.9537 0.6995 0.9895 0.9406 0.9774 0.9766 0.9771 0.9400 0.9895 0.9656 0.9134 0.9018 0.9537 0.9381 0.9406 0.4417 0.9050 0.9533 0.9268 0.9406 0.9291 0.9554 0.9291 0.9060 0.9260 0.9313 0.9418
CHATINO_TATALTEPEC                    0.7887 0.7496 0.7341 0.9895 0.8031 0.9153 0.0000 0.6002 0.9644 0.9776 0.9504 0.9519 0.9670 0.9114 0.7679 0.9381 0.9759 0.9895 0.8057 0.9533 0.9641 0.7726 0.9644 0.9524 0.7712 0.9406 0.9514 0.9550 0.9771 0.9524 0.9759 0.9895 0.9418 0.9445 0.9631 0.9367 0.9252 0.7679 0.9656 0.9759 0.9763 0.9895 0.9774 0.9769 0.9554 0.9659 0.9634 0.9769 0.9895 0.9774 0.9638 0.9627 0.9766 0.9773 0.7712 0.7858 0.8362 0.9494 0.9771 0.9763 0.9499 0.9620 0.9895 0.9528 0.9644 0.7744 0.9757 0.9895 0.9650 0.9895 0.7853 0.9638 0.7858 0.9895 0.9774 0.9519 0.9400 0.7744 0.9504 0.7887 0.9533 0.5442 0.8222 0.7307 0.7532 0.7421 0.7862 0.7600 0.7862 0.8340 0.8023 0.8424
CHATINO_WESTERN_HIGHLAND              0.7567 0.7532 0.7182 0.9895 0.7532 0.9291 0.6002 0.0000 0.9647 0.9656 0.9769 0.9650 0.9557 0.9260 0.6957 0.9519 0.9895 0.9895 0.7384 0.9412 0.9771 0.7421 0.9647 0.9776 0.7567 0.9412 0.9519 0.9554 0.9773 0.9528 0.9761 0.9895 0.9424 0.9565 0.9766 0.9509 0.9394 0.7346 0.9895 0.9761 0.9631 0.9627 0.9653 0.9644 0.9557 0.9662 0.9638 0.9644 0.9656 0.9400 0.9509 0.9631 0.9768 0.9774 0.6384 0.7712 0.7532 0.9499 0.9895 0.9895 0.9638 0.9761 0.9895 0.9656 0.9773 0.7046 0.9759 0.9784 0.9653 0.9895 0.7501 0.9641 0.7712 0.9895 0.9776 0.9394 0.9143 0.6850 0.9769 0.7567 0.9412 0.3665 0.8083 0.7155 0.7384 0.6896 0.8048 0.7804 0.8048 0.7858 0.7558 0.7804
CHIAPANEC                             0.9374 0.9638 0.9482 0.9769 0.9367 0.8691 0.9644 0.9647 0.0000 0.9514 0.9763 0.9768 0.9662 0.9895 0.9504 0.9360 0.9304 0.7382 0.9092 0.9252 0.8905 0.9412 0.9217 0.8946 0.9235 0.9387 0.9217 0.9537 0.9217 0.8640 0.8812 0.9895 0.8707 0.8782 0.8861 0.8731 0.8780 0.9504 0.8675 0.9753 0.9321 0.9465 0.9641 0.9631 0.9291 0.9394 0.9761 0.9631 0.9244 0.9235 0.9345 0.9167 0.9188 0.9226 0.9509 0.9638 0.9504 0.9178 0.8604 0.8845 0.8876 0.8638 0.8658 0.9381 0.9070 0.9514 0.8618 0.9537 0.9509 0.9766 0.9471 0.9488 0.9504 0.9768 0.9769 0.9226 0.9514 0.9244 0.9488 0.9374 0.8675 0.9776 0.9374 0.9504 0.9509 0.9387 0.9533 0.9252 0.9777 0.9499 0.9406 0.9387
CHICHIMECO                            0.9774 0.9647 0.9634 0.9774 0.9773 0.9537 0.9776 0.9656 0.9514 0.0000 0.9504 0.9387 0.9435 0.9387 0.9773 0.9514 0.9477 0.9387 0.9774 0.9406 0.9374 0.9667 0.9103 0.9260 0.9650 0.9007 0.9514 0.8782 0.8501 0.9394 0.9477 0.9773 0.9662 0.9445 0.9494 0.9504 0.9519 0.9647 0.9143 0.8861 0.9345 0.9337 0.9260 0.9235 0.9060 0.8880 0.9217 0.9235 0.8558 0.8691 0.8933 0.9198 0.9499 0.9252 0.9650 0.9519 0.9519 0.9494 0.9381 0.9345 0.9360 0.9477 0.9337 0.9528 0.9381 0.9776 0.9757 0.9782 0.8839 0.9644 0.9895 0.9081 0.9519 0.9519 0.9650 0.9252 0.9653 0.9653 0.9504 0.9774 0.9656 0.9541 0.9650 0.9647 0.9524 0.9656 0.9781 0.9777 0.9665 0.9644 0.9665 0.9777
CHINANTEC_OJITLAN                     0.9634 0.9494 0.9757 0.9499 0.9631 0.9644 0.9504 0.9769 0.9763 0.9504 0.0000 0.6184 0.7046 0.7501 0.9353 0.9763 0.9749 0.9494 0.9634 0.9509 0.9482 0.9268 0.9895 0.9634 0.9217 0.7022 0.9763 0.9528 0.9627 0.9634 0.9749 0.9765 0.9895 0.9780 0.9612 0.9759 0.9765 0.9494 0.9769 0.9749 0.9608 0.9751 0.9499 0.9624 0.9406 0.9644 0.9757 0.9761 0.9768 0.9766 0.9895 0.9895 0.9895 0.9895 0.9634 0.9353 0.9494 0.9313 0.9763 0.9753 0.9616 0.9599 0.9751 0.9226 0.9763 0.9638 0.9747 0.9400 0.9634 0.9763 0.9608 0.9759 0.9353 0.9765 0.9766 0.9494 0.9504 0.9638 0.9022 0.9634 0.9769 0.9773 0.9766 0.9353 0.9634 0.9769 0.9524 0.9641 0.9650 0.9345 0.9524 0.9641
CHINANTEC_PALANTLA                    0.9514 0.9374 0.9488 0.9514 0.9092 0.9400 0.9519 0.9650 0.9768 0.9387 0.6184 0.0000 0.6596 0.6813 0.9092 0.9638 0.9612 0.9769 0.9644 0.9524 0.9634 0.9291 0.9768 0.9644 0.9103 0.6957 0.9638 0.9541 0.9895 0.9644 0.9755 0.9641 0.9895 0.9554 0.9624 0.9895 0.9769 0.9374 0.9774 0.9755 0.9620 0.9757 0.9771 0.9766 0.9781 0.9776 0.9763 0.9766 0.9773 0.9771 0.9631 0.9759 0.9895 0.9769 0.9644 0.9235 0.9235 0.9624 0.9768 0.9759 0.9763 0.9755 0.9757 0.9114 0.9768 0.9519 0.9753 0.9541 0.9514 0.9638 0.9477 0.9895 0.9374 0.9769 0.9644 0.9374 0.9647 0.9647 0.9353 0.9514 0.9394 0.9406 0.9644 0.9374 0.9514 0.9394 0.9537 0.9524 0.9412 0.9226 0.9284 0.9394
CHINANTEC_SAN_FELIPE_USILA            0.9550 0.9424 0.9528 0.9550 0.9299 0.9561 0.9670 0.9557 0.9662 0.9435 0.7046 0.6596 0.0000 0.7862 0.9299 0.9662 0.9374 0.9665 0.9550 0.9672 0.9153 0.9460 0.9662 0.9306 0.9179 0.7784 0.9291 0.9682 0.9780 0.9306 0.9374 0.9781 0.9895 0.9582 0.9650 0.9777 0.9546 0.9424 0.9672 0.9641 0.9519 0.9644 0.9667 0.9659 0.9576 0.9561 0.9653 0.9659 0.9188 0.9179 0.9406 0.9647 0.9653 0.9665 0.9667 0.9299 0.9299 0.9774 0.9418 0.9387 0.9400 0.9235 0.9381 0.9188 0.9418 0.9554 0.9638 0.9789 0.9667 0.9662 0.9773 0.9777 0.9546 0.9781 0.9667 0.9781 0.9670 0.9554 0.9276 0.9550 0.9440 0.9333 0.9550 0.9546 0.9550 0.9557 0.9569 0.9557 0.9569 0.9418 0.9455 0.9440
CHINANTEC_SOCHIAPAN                   0.9644 0.9374 0.9488 0.9514 0.9509 0.9528 0.9114 0.9260 0.9895 0.9387 0.7501 0.6813 0.7862 0.0000 0.9374 0.9638 0.9612 0.9895 0.9381 0.9774 0.9766 0.9162 0.9768 0.9644 0.9103 0.6957 0.9638 0.9541 0.9638 0.9514 0.9895 0.9641 0.9895 0.9784 0.9761 0.9895 0.9769 0.9374 0.9524 0.9313 0.9178 0.9167 0.9244 0.9217 0.9299 0.9268 0.9345 0.9360 0.9647 0.9644 0.9631 0.9895 0.9895 0.9769 0.9381 0.9235 0.9374 0.9761 0.9895 0.9895 0.9627 0.9755 0.9895 0.9387 0.9895 0.9387 0.9753 0.9541 0.9381 0.9638 0.9620 0.9631 0.9235 0.9641 0.9514 0.9374 0.9387 0.9387 0.9208 0.9644 0.9524 0.9007 0.9644 0.9235 0.9244 0.9394 0.9537 0.9524 0.9537 0.9367 0.9284 0.9524
CHOAPAN_ZAPOTEC                       0.3092 0.5131 0.5328 0.9895 0.2947 0.9268 0.7679 0.6957 0.9504 0.9773 0.9353 0.9092 0.9299 0.9374 0.0000 0.9638 0.9755 0.9769 0.5971 0.9524 0.9766 0.4417 0.9638 0.9644 0.5477 0.9524 0.9504 0.9291 0.9768 0.9644 0.9612 0.9895 0.9656 0.9435 0.9624 0.9631 0.9509 0.4268 0.9524 0.9895 0.9895 0.9895 0.9895 0.9895 0.9665 0.9895 0.9895 0.9895 0.9387 0.9244 0.9494 0.9620 0.9763 0.9641 0.4074 0.4567 0.4567 0.9482 0.9768 0.9895 0.9488 0.9612 0.9757 0.9252 0.9638 0.4186 0.9608 0.9662 0.9514 0.9895 0.6230 0.9631 0.5397 0.9895 0.9771 0.9374 0.9252 0.4481 0.9494 0.3092 0.9524 0.7236 0.6205 0.4567 0.4377 0.5124 0.5607 0.4581 0.4861 0.4462 0.3425 0.3686
CHOCHOTEC                             0.9641 0.9768 0.9761 0.9769 0.9768 0.9124 0.9381 0.9519 0.9360 0.9514 0.9763 0.9638 0.9662 0.9638 0.9638 0.0000 0.5452 0.9081 0.9895 0.9647 0.9631 0.9778 0.9070 0.9374 0.9769 0.9387 0.9499 0.9284 0.9499 0.9374 0.9458 0.9768 0.9268 0.9306 0.9178 0.9345 0.8933 0.9768 0.9647 0.9458 0.9471 0.9612 0.9509 0.9494 0.9662 0.9394 0.9482 0.9494 0.9644 0.9641 0.9488 0.7948 0.8194 0.8623 0.9895 0.9638 0.9768 0.9329 0.9360 0.9471 0.9188 0.9145 0.9465 0.9381 0.9360 0.9771 0.9452 0.9659 0.9509 0.9766 0.9757 0.9895 0.9768 0.9768 0.9641 0.8780 0.9244 0.9895 0.9627 0.9641 0.9647 0.9653 0.9769 0.9504 0.9641 0.9773 0.9777 0.9519 0.9656 0.9766 0.9777 0.9895
CHOCHO_OCOTLAN                        0.9616 0.9755 0.9747 0.9757 0.9755 0.9488 0.9759 0.9895 0.9304 0.9477 0.9749 0.9612 0.9374 0.9612 0.9755 0.5452 0.0000 0.9313 0.9895 0.9895 0.9134 0.9768 0.8638 0.8845 0.9895 0.9337 0.8812 0.9367 0.9304 0.9009 0.9576 0.9612 0.9494 0.9252 0.9431 0.9445 0.9156 0.9755 0.9188 0.9408 0.9424 0.9246 0.9321 0.9452 0.9509 0.9198 0.9438 0.9295 0.9329 0.9471 0.9286 0.8332 0.7985 0.8299 0.9895 0.9755 0.9755 0.9431 0.8981 0.9084 0.9109 0.9235 0.8888 0.9477 0.9145 0.9759 0.9224 0.9638 0.9321 0.9608 0.9743 0.9599 0.9895 0.9612 0.9757 0.9156 0.9477 0.9895 0.9445 0.9616 0.9624 0.9895 0.9757 0.9755 0.9757 0.9761 0.9766 0.9761 0.9895 0.9895 0.9895 0.9895
CHOROTEGA                             0.9644 0.9641 0.9488 0.9895 0.9769 0.8995 0.9895 0.9895 0.7382 0.9387 0.9494 0.9769 0.9665 0.9895 0.9769 0.9081 0.9313 0.0000 0.9644 0.9524 0.8919 0.9541 0.9367 0.8810 0.9514 0.9394 0.9504 0.9029 0.9226 0.8810 0.8829 0.9895 0.9007 0.8929 0.9034 0.8905 0.8946 0.9641 0.8839 0.9313 0.9329 0.9471 0.9381 0.9499 0.9546 0.9400 0.9488 0.9499 0.9647 0.9771 0.9631 0.9022 0.9345 0.9374 0.9771 0.9509 0.9641 0.9337 0.8461 0.8695 0.8731 0.8658 0.8503 0.9387 0.8933 0.9647 0.9304 0.9541 0.9381 0.9895 0.9759 0.9631 0.9509 0.9895 0.9895 0.9235 0.9387 0.9647 0.9353 0.9644 0.8983 0.9895 0.9514 0.9769 0.9514 0.9650 0.9537 0.9650 0.9778 0.9768 0.9778 0.9650
COATLAN_LOXICHA_ZAPOTEC               0.6488 0.5971 0.6653 0.9773 0.6432 0.9656 0.8057 0.7384 0.9092 0.9774 0.9634 0.9644 0.9550 0.9381 0.5971 0.9895 0.9895 0.9644 0.0000 0.9528 0.9638 0.6596 0.9641 0.9647 0.6703 0.9776 0.9374 0.9299 0.9509 0.9647 0.9757 0.9771 0.9659 0.9440 0.9763 0.9634 0.9514 0.6205 0.9653 0.9895 0.9761 0.9895 0.9895 0.9768 0.9550 0.9895 0.9895 0.9768 0.9524 0.9387 0.9634 0.9761 0.9895 0.9771 0.5800 0.7266 0.6432 0.9627 0.9769 0.9761 0.9631 0.9757 0.9895 0.9394 0.9895 0.5870 0.9755 0.9665 0.9647 0.9769 0.6770 0.9634 0.7068 0.9771 0.9773 0.9644 0.9650 0.5630 0.9499 0.6488 0.9134 0.7804 0.7496 0.4947 0.6703 0.6596 0.7130 0.7002 0.7833 0.6373 0.6339 0.6596
CUICATEC                              0.9528 0.9650 0.9638 0.9895 0.9524 0.8312 0.9533 0.9412 0.9252 0.9406 0.9509 0.9524 0.9672 0.9774 0.9524 0.9647 0.9895 0.9524 0.9528 0.0000 0.9103 0.9670 0.9387 0.9268 0.9653 0.9778 0.9252 0.9060 0.9519 0.9268 0.9034 0.9895 0.8626 0.8567 0.8604 0.8640 0.8539 0.9774 0.9412 0.9624 0.9765 0.9627 0.9400 0.9514 0.9557 0.9662 0.9638 0.9644 0.9777 0.9776 0.9769 0.8905 0.9638 0.9524 0.9528 0.9774 0.9394 0.5497 0.8971 0.9208 0.9081 0.8876 0.9345 0.9406 0.8971 0.9656 0.8695 0.9784 0.9528 0.9895 0.9895 0.9374 0.9524 0.9895 0.9776 0.9524 0.9533 0.9533 0.8946 0.9528 0.8593 0.9171 0.9400 0.9394 0.9528 0.9412 0.9667 0.9537 0.9550 0.9773 0.9550 0.9537
HUAUTLA_DE_JIMENEZ                    0.9638 0.9766 0.9895 0.9895 0.9766 0.9647 0.9641 0.9771 0.8905 0.9374 0.9482 0.9634 0.9153 0.9766 0.9766 0.9631 0.9134 0.8919 0.9638 0.9103 0.0000 0.9656 0.7696 0.3837 0.9768 0.9514 0.9631 0.9533 0.9631 0.5041 0.3682 0.9766 0.9524 0.9546 0.9616 0.9482 0.9360 0.9895 0.9103 0.9751 0.9612 0.9608 0.9638 0.9763 0.9659 0.9387 0.9759 0.9763 0.9092 0.9638 0.9482 0.8658 0.8167 0.8270 0.9638 0.9766 0.9766 0.9009 0.4552 0.3598 0.4846 0.4398 0.4842 0.8640 0.4552 0.9641 0.9445 0.9777 0.9638 0.9631 0.9755 0.9761 0.9634 0.9634 0.9768 0.9360 0.9509 0.9641 0.8545 0.9638 0.9381 0.9774 0.9504 0.9895 0.9768 0.9644 0.9776 0.9644 0.9653 0.9765 0.9776 0.9771
ISTHMUS_ZAPOTEC                       0.4777 0.5677 0.5381 0.9781 0.5442 0.9557 0.7726 0.7421 0.9412 0.9667 0.9268 0.9291 0.9460 0.9162 0.4417 0.9778 0.9768 0.9541 0.6596 0.9670 0.9656 0.0000 0.9537 0.9546 0.5277 0.9188 0.9537 0.9220 0.9659 0.9665 0.9768 0.9895 0.9675 0.9686 0.9647 0.9776 0.9541 0.3848 0.9554 0.9768 0.9895 0.9895 0.9781 0.9895 0.9572 0.9785 0.9895 0.9895 0.9429 0.9299 0.9528 0.9771 0.9774 0.9541 0.4241 0.4687 0.5442 0.9647 0.9778 0.9895 0.9650 0.9768 0.9769 0.9179 0.9778 0.3778 0.9634 0.9680 0.9424 0.9895 0.6651 0.9653 0.4947 0.9895 0.9895 0.9291 0.9179 0.4340 0.9528 0.4777 0.9554 0.7319 0.6184 0.5677 0.4513 0.5191 0.4947 0.5654 0.6453 0.6282 0.5411 0.5654
IXCATEC                               0.9641 0.9768 0.9761 0.9641 0.9638 0.9524 0.9644 0.9647 0.9217 0.9103 0.9895 0.9768 0.9662 0.9768 0.9638 0.9070 0.8638 0.9367 0.9641 0.9387 0.7696 0.9537 0.0000 0.7975 0.9641 0.9387 0.9499 0.9153 0.9217 0.7796 0.7882 0.9504 0.9400 0.9306 0.9477 0.9488 0.9081 0.9768 0.9387 0.9304 0.9471 0.9465 0.9509 0.9494 0.9541 0.9524 0.9482 0.9494 0.9381 0.9374 0.9345 0.7547 0.8372 0.8123 0.9509 0.9504 0.9768 0.9178 0.8096 0.7948 0.7820 0.7882 0.7916 0.8959 0.8096 0.9514 0.9604 0.9778 0.9509 0.9499 0.9757 0.9488 0.9638 0.9226 0.9641 0.9367 0.9771 0.9514 0.9345 0.9641 0.9252 0.9653 0.9641 0.9638 0.9641 0.9647 0.9656 0.9519 0.9533 0.9499 0.9656 0.9647
JALAPA_DE_DIAZ                        0.9387 0.9644 0.9765 0.9895 0.9644 0.9533 0.9524 0.9776 0.8946 0.9260 0.9634 0.9644 0.9306 0.9644 0.9644 0.9374 0.8845 0.8810 0.9647 0.9268 0.3837 0.9546 0.7975 0.0000 0.9773 0.9653 0.9641 0.9299 0.9374 0.3880 0.5343 0.9771 0.9537 0.9440 0.9488 0.9499 0.9381 0.9771 0.8995 0.9757 0.9624 0.9620 0.9647 0.9768 0.9782 0.9533 0.9765 0.9768 0.9124 0.9519 0.9499 0.8876 0.8246 0.8501 0.9519 0.9644 0.9644 0.9345 0.2947 0.2923 0.3227 0.3738 0.3872 0.8983 0.2581 0.9524 0.9465 0.9895 0.9387 0.9641 0.9761 0.9766 0.9644 0.9644 0.9773 0.9103 0.9650 0.9524 0.8919 0.9387 0.9400 0.9778 0.9252 0.9771 0.9647 0.9528 0.9662 0.9400 0.9541 0.9641 0.9662 0.9653
LACHIXIO_ZAPOTEC                      0.6037 0.5971 0.5138 0.9773 0.6432 0.9656 0.7712 0.7567 0.9235 0.9650 0.9217 0.9103 0.9179 0.9103 0.5477 0.9769 0.9895 0.9514 0.6703 0.9653 0.9768 0.5277 0.9641 0.9773 0.0000 0.9400 0.9092 0.9424 0.9641 0.9773 0.9757 0.9895 0.9778 0.9672 0.9763 0.9895 0.9771 0.4667 0.9528 0.9616 0.9761 0.9759 0.9647 0.9768 0.9429 0.9656 0.9765 0.9768 0.9650 0.9519 0.9634 0.9761 0.9765 0.9514 0.6037 0.5477 0.6205 0.9488 0.9769 0.9761 0.9765 0.9757 0.9759 0.9394 0.9769 0.5630 0.9612 0.9781 0.9387 0.9895 0.6770 0.9634 0.5729 0.9895 0.9895 0.9244 0.9394 0.5870 0.9766 0.6037 0.9653 0.7089 0.6037 0.5729 0.5800 0.6384 0.6125 0.6596 0.6941 0.6813 0.6125 0.6384
LEALAO_CHINANTEC                      0.9653 0.9524 0.9638 0.9268 0.9650 0.9541 0.9406 0.9412 0.9387 0.9007 0.7022 0.6957 0.7784 0.6957 0.9524 0.9387 0.9337 0.9394 0.9776 0.9778 0.9514 0.9188 0.9387 0.9653 0.9400 0.0000 0.9519 0.9060 0.9252 0.9400 0.9624 0.9524 0.9665 0.9787 0.9499 0.9641 0.9650 0.9394 0.9412 0.9188 0.9059 0.9345 0.9134 0.9103 0.9196 0.9162 0.9081 0.9244 0.9533 0.9400 0.9374 0.9631 0.9504 0.9650 0.9400 0.9124 0.9650 0.9766 0.9647 0.9631 0.9504 0.9337 0.9627 0.9406 0.9647 0.9406 0.9759 0.9060 0.9134 0.9387 0.9765 0.9509 0.9260 0.9260 0.9400 0.9124 0.9656 0.9276 0.9769 0.9653 0.9659 0.9299 0.9653 0.9524 0.9400 0.9412 0.9550 0.9537 0.9429 0.9387 0.9550 0.9659
MATLATZINCA_SAN_FRANCISCO_OXTOTILPAN  0.9374 0.9504 0.9337 0.9895 0.9504 0.9394 0.9514 0.9519 0.9217 0.9514 0.9763 0.9638 0.9291 0.9638 0.9504 0.9499 0.8812 0.9504 0.9374 0.9252 0.9631 0.9537 0.9499 0.9641 0.9092 0.9519 0.0000 0.8593 0.8270 0.9641 0.9753 0.9768 0.9528 0.9429 0.9759 0.9627 0.9638 0.9367 0.7679 0.8812 0.8677 0.8658 0.8317 0.8585 0.7833 0.7712 0.8194 0.8748 0.9103 0.8640 0.8891 0.9321 0.9337 0.8933 0.9509 0.9504 0.9367 0.9620 0.9634 0.9757 0.9761 0.9753 0.9465 0.9381 0.9766 0.9381 0.9452 0.9659 0.8317 0.9766 0.9616 0.7660 0.9367 0.9768 0.9895 0.9638 0.9771 0.9381 0.9198 0.9374 0.9519 0.9400 0.9235 0.9226 0.9374 0.9252 0.9406 0.9252 0.9533 0.9499 0.9533 0.9387
MAZAHUA                               0.9171 0.9418 0.9124 0.9546 0.9291 0.9196 0.9550 0.9554 0.9537 0.8782 0.9528 0.9541 0.9682 0.9541 0.9291 0.9284 0.9367 0.9029 0.9299 0.9060 0.9533 0.9220 0.9153 0.9299 0.9424 0.9060 0.8593 0.0000 0.4594 0.9171 0.9504 0.9662 0.9445 0.9242 0.9519 0.9400 0.9418 0.9162 0.8929 0.6312 0.7827 0.7796 0.6184 0.6648 0.7087 0.6740 0.6543 0.7046 0.9179 0.9040 0.9134 0.9244 0.9650 0.9291 0.9424 0.9291 0.9291 0.8971 0.9284 0.9381 0.9260 0.9367 0.9509 0.9429 0.9412 0.9429 0.9766 0.9220 0.5031 0.9659 0.9644 0.7567 0.9029 0.9541 0.9665 0.9162 0.9667 0.9429 0.9400 0.9171 0.9435 0.9445 0.9299 0.9162 0.8905 0.9313 0.9333 0.9188 0.9212 0.9153 0.9333 0.9435
MAZAHUA_CENTRAL                       0.9641 0.9638 0.9482 0.9641 0.9768 0.9524 0.9771 0.9773 0.9217 0.8501 0.9627 0.9895 0.9780 0.9638 0.9768 0.9499 0.9304 0.9226 0.9509 0.9519 0.9631 0.9659 0.9217 0.9374 0.9641 0.9252 0.8270 0.4594 0.0000 0.9374 0.9753 0.9638 0.9653 0.9550 0.9477 0.9627 0.9638 0.9504 0.8825 0.6014 0.7117 0.7068 0.5654 0.5680 0.6339 0.6102 0.5787 0.6423 0.8810 0.8795 0.9047 0.9616 0.9761 0.9367 0.9769 0.9504 0.9638 0.9477 0.9499 0.9616 0.9482 0.9608 0.9465 0.9514 0.9634 0.9644 0.9452 0.9412 0.3298 0.9634 0.9757 0.6596 0.9504 0.9504 0.9641 0.9226 0.9644 0.9644 0.9345 0.9641 0.9647 0.9653 0.9509 0.9504 0.9374 0.9519 0.9656 0.9519 0.9533 0.9499 0.9656 0.9773
MAZATEC_CHIQUIHUITLAN                 0.9519 0.9644 0.9765 0.9895 0.9644 0.9143 0.9524 0.9528 0.8640 0.9394 0.9634 0.9644 0.9306 0.9514 0.9644 0.9374 0.9009 0.8810 0.9647 0.9268 0.5041 0.9665 0.7796 0.3880 0.9773 0.9400 0.9641 0.9171 0.9374 0.0000 0.5626 0.9771 0.9284 0.8941 0.9488 0.9217 0.9244 0.9771 0.9134 0.9471 0.9337 0.9477 0.9387 0.9504 0.9550 0.9276 0.9494 0.9638 0.9260 0.9519 0.9499 0.8545 0.8418 0.8340 0.9647 0.9514 0.9644 0.9198 0.4567 0.4000 0.2071 0.4087 0.4535 0.9124 0.4567 0.9650 0.9465 0.9895 0.9252 0.9641 0.9761 0.9766 0.9514 0.9644 0.9773 0.9103 0.9524 0.9650 0.9217 0.9519 0.8995 0.9537 0.9387 0.9644 0.9519 0.9653 0.9662 0.9400 0.9418 0.9509 0.9541 0.9653
MAZATLAN_DE_FLORES                    0.9616 0.9612 0.9895 0.9895 0.9755 0.9488 0.9759 0.9761 0.8812 0.9477 0.9749 0.9755 0.9374 0.9895 0.9612 0.9458 0.9576 0.8829 0.9757 0.9034 0.3682 0.9768 0.7882 0.5343 0.9757 0.9624 0.9753 0.9504 0.9753 0.5626 0.0000 0.9755 0.9353 0.9387 0.9431 0.9286 0.9313 0.9895 0.9188 0.9738 0.9586 0.9740 0.9757 0.9751 0.9895 0.9627 0.9747 0.9751 0.9477 0.9616 0.9599 0.8332 0.8575 0.8658 0.9757 0.9755 0.9755 0.8740 0.4517 0.4947 0.4837 0.4344 0.5497 0.9022 0.5154 0.9759 0.9570 0.9768 0.9757 0.9608 0.9895 0.9895 0.9755 0.9612 0.9616 0.9465 0.9759 0.9759 0.9286 0.9616 0.9337 0.9765 0.9471 0.9755 0.9757 0.9761 0.9766 0.9482 0.9499 0.9753 0.9766 0.9761
MEPHAA_ACATEPEC                       0.9771 0.9895 0.9895 0.3760 0.9895 0.9776 0.9895 0.9895 0.9895 0.9773 0.9765 0.9641 0.9781 0.9641 0.9895 0.9768 0.9612 0.9895 0.9771 0.9895 0.9766 0.9895 0.9504 0.9771 0.9895 0.9524 0.9768 0.9662 0.9638 0.9771 0.9755 0.0000 0.9777 0.9784 0.9761 0.9895 0.9895 0.9895 0.9650 0.9895 0.9759 0.9757 0.9771 0.9766 0.9781 0.9776 0.9763 0.9766 0.9895 0.9895 0.9895 0.9620 0.9488 0.9092 0.9895 0.9895 0.9895 0.9895 0.9768 0.9759 0.9763 0.9895 0.9757 0.9895 0.9638 0.9895 0.9753 0.7130 0.9644 0.1611 0.9895 0.9895 0.9895 0.2199 0.3433 0.9509 0.9647 0.9895 0.9895 0.9771 0.9774 0.9777 0.9895 0.9769 0.9895 0.9895 0.9895 0.9774 0.9895 0.9895 0.9778 0.9895
MIXTECO_DE_SAN_JUAN_COLORADO          0.9659 0.9895 0.9771 0.9895 0.9656 0.5353 0.9418 0.9424 0.8707 0.9662 0.9895 0.9895 0.9895 0.9895 0.9656 0.9268 0.9494 0.9007 0.9659 0.8626 0.9524 0.9675 0.9400 0.9537 0.9778 0.9665 0.9528 0.9445 0.9653 0.9284 0.9353 0.9777 0.0000 0.5328 0.7421 0.5037 0.5289 0.9895 0.9171 0.9631 0.9768 0.9766 0.9659 0.9774 0.9565 0.9550 0.9771 0.9895 0.9895 0.9659 0.9647 0.9226 0.9381 0.9406 0.9659 0.9777 0.9777 0.8795 0.9400 0.9504 0.9244 0.9208 0.9499 0.9162 0.9400 0.9662 0.7044 0.9786 0.9659 0.9895 0.9768 0.9773 0.9777 0.9895 0.9778 0.9007 0.9029 0.9662 0.8971 0.9659 0.5968 0.9313 0.9659 0.9656 0.9778 0.9424 0.9785 0.9546 0.9557 0.9653 0.9672 0.9665
MIXTECO_DE_YOSONDUA                   0.9440 0.9784 0.9659 0.9785 0.9670 0.4542 0.9445 0.9565 0.8782 0.9445 0.9780 0.9554 0.9582 0.9784 0.9435 0.9306 0.9252 0.8929 0.9440 0.8567 0.9546 0.9686 0.9306 0.9440 0.9672 0.9787 0.9429 0.9242 0.9550 0.8941 0.9387 0.9784 0.5328 0.0000 0.7421 0.5442 0.4947 0.9784 0.8963 0.9773 0.9776 0.9774 0.9785 0.9895 0.9689 0.9680 0.9895 0.9895 0.9786 0.9557 0.9541 0.8995 0.9537 0.9313 0.9672 0.9670 0.9670 0.8723 0.9306 0.9400 0.9018 0.9252 0.9394 0.9204 0.9306 0.9675 0.6862 0.9895 0.9557 0.9782 0.9776 0.9895 0.9670 0.9895 0.9672 0.9554 0.9080 0.9675 0.9162 0.9440 0.2749 0.9460 0.9785 0.9670 0.9672 0.9565 0.9684 0.9565 0.9351 0.9667 0.9684 0.9677
MIXTEC_ALCOZAUCA                      0.9627 0.9895 0.9895 0.9627 0.9761 0.7576 0.9631 0.9766 0.8861 0.9494 0.9612 0.9624 0.9650 0.9761 0.9624 0.9178 0.9431 0.9034 0.9763 0.8604 0.9616 0.9647 0.9477 0.9488 0.9763 0.9499 0.9759 0.9519 0.9477 0.9488 0.9431 0.9761 0.7421 0.7421 0.0000 0.7715 0.7211 0.9895 0.9499 0.9745 0.9599 0.9438 0.9627 0.9471 0.9524 0.9504 0.9608 0.9616 0.9631 0.9488 0.9465 0.9122 0.8981 0.9034 0.9763 0.9761 0.9761 0.8967 0.9477 0.9599 0.9304 0.9266 0.9438 0.9631 0.9329 0.9765 0.6728 0.9519 0.9627 0.9759 0.9895 0.9612 0.9761 0.9895 0.9627 0.9337 0.9494 0.9765 0.9465 0.9627 0.7539 0.9509 0.9763 0.9761 0.9763 0.9634 0.9771 0.9634 0.9644 0.9759 0.9771 0.9766
MIXTEC_CHAYUCO                        0.9634 0.9895 0.9757 0.9895 0.9631 0.5729 0.9367 0.9509 0.8731 0.9504 0.9759 0.9895 0.9777 0.9895 0.9631 0.9345 0.9445 0.8905 0.9634 0.8640 0.9482 0.9776 0.9488 0.9499 0.9895 0.9641 0.9627 0.9400 0.9627 0.9217 0.9286 0.9895 0.5037 0.5442 0.7715 0.0000 0.5414 0.9895 0.8946 0.9749 0.9753 0.9751 0.9766 0.9895 0.9656 0.9644 0.9895 0.9895 0.9768 0.9634 0.9477 0.8981 0.9321 0.9353 0.9766 0.9765 0.9765 0.8658 0.9345 0.9458 0.9167 0.9122 0.9452 0.9226 0.9345 0.9768 0.7094 0.9895 0.9766 0.9895 0.9753 0.9895 0.9765 0.9895 0.9766 0.9494 0.8933 0.9768 0.9329 0.9634 0.5902 0.9519 0.9766 0.9631 0.9766 0.9641 0.9774 0.9509 0.9524 0.9627 0.9650 0.9641
MIXTEC_PENYOLES                       0.9514 0.9769 0.9627 0.9895 0.9641 0.4678 0.9252 0.9394 0.8780 0.9519 0.9765 0.9769 0.9546 0.9769 0.9509 0.8933 0.9156 0.8946 0.9514 0.8539 0.9360 0.9541 0.9081 0.9381 0.9771 0.9650 0.9638 0.9418 0.9638 0.9244 0.9313 0.9895 0.5289 0.4947 0.7211 0.5414 0.0000 0.9769 0.9260 0.9612 0.9759 0.9757 0.9644 0.9634 0.9546 0.9528 0.9627 0.9634 0.9647 0.9514 0.9494 0.9022 0.9198 0.9092 0.9644 0.9509 0.9641 0.8545 0.9367 0.9477 0.9198 0.9156 0.9471 0.9252 0.9367 0.9519 0.6534 0.9895 0.9644 0.9895 0.9759 0.9631 0.9769 0.9769 0.9771 0.9235 0.9387 0.9647 0.9208 0.9514 0.5381 0.9406 0.9771 0.9641 0.9644 0.9524 0.9659 0.9524 0.9412 0.9638 0.9778 0.9774
OCOTLAN_ZAPOTEC                       0.5217 0.5131 0.4443 0.9895 0.5397 0.9653 0.7679 0.7346 0.9504 0.9647 0.9494 0.9374 0.9424 0.9374 0.4268 0.9768 0.9755 0.9641 0.6205 0.9774 0.9895 0.3848 0.9768 0.9771 0.4667 0.9394 0.9367 0.9162 0.9504 0.9771 0.9895 0.9895 0.9895 0.9784 0.9895 0.9895 0.9769 0.0000 0.9524 0.9755 0.9759 0.9895 0.9771 0.9766 0.9424 0.9776 0.9895 0.9766 0.9519 0.9381 0.9631 0.9895 0.9895 0.9509 0.4667 0.3958 0.4567 0.9761 0.9895 0.9895 0.9763 0.9895 0.9895 0.9387 0.9895 0.3562 0.9608 0.9895 0.9244 0.9895 0.6714 0.9631 0.4268 0.9895 0.9895 0.9509 0.9387 0.4764 0.9631 0.5217 0.9650 0.7236 0.6205 0.5397 0.3760 0.5124 0.5118 0.6102 0.6698 0.6312 0.5367 0.5630
OCUILTECO                             0.9528 0.9774 0.9638 0.9776 0.9524 0.9162 0.9656 0.9895 0.8675 0.9143 0.9769 0.9774 0.9672 0.9524 0.9524 0.9647 0.9188 0.8839 0.9653 0.9412 0.9103 0.9554 0.9387 0.8995 0.9528 0.9412 0.7679 0.8929 0.8825 0.9134 0.9188 0.9650 0.9171 0.8963 0.9499 0.8946 0.9260 0.9524 0.0000 0.9188 0.9353 0.9345 0.9268 0.9381 0.8673 0.8753 0.9226 0.9381 0.9406 0.9400 0.9769 0.9059 0.9367 0.9260 0.9528 0.9524 0.9394 0.9360 0.8971 0.9208 0.9226 0.9188 0.8891 0.9276 0.9252 0.9406 0.9178 0.9670 0.8853 0.9647 0.9895 0.8795 0.9394 0.9650 0.9776 0.9650 0.9533 0.9533 0.9374 0.9528 0.9153 0.9665 0.9528 0.9524 0.9268 0.9412 0.9429 0.9412 0.9550 0.9519 0.9550 0.9412
OTOMI_ACAMBAY                         0.9895 0.9895 0.9595 0.9757 0.9895 0.9345 0.9759 0.9761 0.9753 0.8861 0.9749 0.9755 0.9641 0.9313 0.9895 0.9458 0.9408 0.9313 0.9895 0.9624 0.9751 0.9768 0.9304 0.9757 0.9616 0.9188 0.8812 0.6312 0.6014 0.9471 0.9738 0.9895 0.9631 0.9773 0.9745 0.9749 0.9612 0.9755 0.9188 0.0000 0.6184 0.5808 0.4421 0.4732 0.6373 0.5328 0.4142 0.5937 0.9022 0.9009 0.9286 0.9743 0.9747 0.9313 0.9895 0.9465 0.9895 0.9431 0.9753 0.9743 0.9595 0.9576 0.9740 0.9759 0.9753 0.9895 0.9735 0.9638 0.5343 0.9895 0.9895 0.6660 0.9612 0.9755 0.9895 0.9313 0.9620 0.9895 0.9599 0.9895 0.9624 0.9631 0.9616 0.9755 0.9471 0.9761 0.9766 0.9761 0.9634 0.9608 0.9766 0.9761
OTOMI_DE_1776                         0.9895 0.9895 0.9751 0.9761 0.9895 0.9499 0.9763 0.9631 0.9321 0.9345 0.9608 0.9620 0.9519 0.9178 0.9895 0.9471 0.9424 0.9329 0.9761 0.9765 0.9612 0.9895 0.9471 0.9624 0.9761 0.9059 0.8677 0.7827 0.7117 0.9337 0.9586 0.9759 0.9768 0.9776 0.9599 0.9753 0.9759 0.9759 0.9353 0.6184 0.0000 0.5057 0.6047 0.5250 0.6037 0.6008 0.5654 0.5820 0.9345 0.9034 0.8981 0.9747 0.9751 0.9477 0.9895 0.9759 0.9895 0.9599 0.9616 0.9595 0.9452 0.9424 0.9590 0.9627 0.9616 0.9895 0.9416 0.9644 0.6995 0.9757 0.9895 0.6780 0.9759 0.9759 0.9761 0.9477 0.9627 0.9895 0.9608 0.9895 0.9494 0.9638 0.9895 0.9759 0.9761 0.9895 0.9895 0.9765 0.9641 0.9757 0.9641 0.9765
OTOMI_DE_EL_BAILE                     0.9895 0.9895 0.9749 0.9620 0.9895 0.9631 0.9895 0.9627 0.9465 0.9337 0.9751 0.9757 0.9644 0.9167 0.9895 0.9612 0.9246 0.9471 0.9895 0.9627 0.9608 0.9895 0.9465 0.9620 0.9759 0.9345 0.8658 0.7796 0.7068 0.9477 0.9740 0.9757 0.9766 0.9774 0.9438 0.9751 0.9757 0.9895 0.9345 0.5808 0.5057 0.0000 0.5432 0.5739 0.6651 0.6184 0.6402 0.6014 0.9188 0.9178 0.9295 0.9745 0.9749 0.9167 0.9895 0.9895 0.9895 0.9438 0.9612 0.9745 0.9749 0.9740 0.9586 0.9761 0.9755 0.9895 0.9576 0.9509 0.6714 0.9755 0.9895 0.6721 0.9895 0.9757 0.9759 0.9757 0.9895 0.9895 0.9452 0.9895 0.9627 0.9634 0.9895 0.9895 0.9895 0.9895 0.9895 0.9895 0.9895 0.9895 0.9895 0.9895
OTOMI_DE_IXTENCO                      0.9895 0.9895 0.9631 0.9647 0.9895 0.9406 0.9774 0.9653 0.9641 0.9260 0.9499 0.9771 0.9667 0.9244 0.9895 0.9509 0.9321 0.9381 0.9895 0.9400 0.9638 0.9781 0.9509 0.9647 0.9647 0.9134 0.8317 0.6184 0.5654 0.9387 0.9757 0.9771 0.9659 0.9785 0.9627 0.9766 0.9644 0.9771 0.9268 0.4421 0.6047 0.5432 0.0000 0.3158 0.4864 0.3298 0.3579 0.3837 0.9260 0.9114 0.9217 0.9761 0.9765 0.9244 0.9895 0.9514 0.9895 0.9198 0.9641 0.9761 0.9631 0.9616 0.9620 0.9650 0.9769 0.9895 0.9612 0.9546 0.4764 0.9769 0.9895 0.5497 0.9644 0.9644 0.9773 0.9244 0.9650 0.9895 0.9360 0.9895 0.9653 0.9537 0.9773 0.9771 0.9519 0.9776 0.9780 0.9776 0.9662 0.9641 0.9780 0.9895
OTOMI_DE_SAN_ANDRES_CUEXCONTITLAN     0.9895 0.9895 0.9759 0.9768 0.9895 0.9519 0.9769 0.9644 0.9631 0.9235 0.9624 0.9766 0.9659 0.9217 0.9895 0.9494 0.9452 0.9499 0.9768 0.9514 0.9763 0.9895 0.9494 0.9768 0.9768 0.9103 0.8585 0.6648 0.5680 0.9504 0.9751 0.9766 0.9774 0.9895 0.9471 0.9895 0.9634 0.9766 0.9381 0.4732 0.5250 0.5739 0.3158 0.0000 0.5367 0.3562 0.2761 0.2301 0.9374 0.9226 0.9337 0.9755 0.9759 0.9499 0.9895 0.9634 0.9895 0.9471 0.9765 0.9755 0.9620 0.9604 0.9753 0.9769 0.9765 0.9895 0.9749 0.9656 0.5041 0.9765 0.9895 0.5518 0.9766 0.9634 0.9768 0.9360 0.9769 0.9895 0.9624 0.9895 0.9644 0.9524 0.9768 0.9766 0.9638 0.9771 0.9895 0.9771 0.9653 0.9631 0.9776 0.9895
OTOMI_MEZQUITAL                       0.9782 0.9665 0.9528 0.9782 0.9781 0.9326 0.9554 0.9557 0.9291 0.9060 0.9406 0.9781 0.9576 0.9299 0.9665 0.9662 0.9509 0.9546 0.9550 0.9557 0.9659 0.9572 0.9541 0.9782 0.9429 0.9196 0.7833 0.7087 0.6339 0.9550 0.9895 0.9781 0.9565 0.9689 0.9524 0.9656 0.9546 0.9424 0.8673 0.6373 0.6037 0.6651 0.4864 0.5367 0.0000 0.3819 0.6164 0.5607 0.8929 0.8917 0.9007 0.9895 0.9776 0.9171 0.9667 0.9424 0.9781 0.9524 0.9780 0.9895 0.9776 0.9769 0.9644 0.9435 0.9895 0.9670 0.9367 0.9682 0.5811 0.9780 0.9647 0.5772 0.9546 0.9665 0.9782 0.9299 0.9554 0.9670 0.9143 0.9782 0.9557 0.9450 0.9667 0.9546 0.9550 0.9557 0.9569 0.9785 0.9569 0.9418 0.9569 0.9785
OTOMI_QUERETARO                       0.9895 0.9895 0.9641 0.9777 0.9895 0.9299 0.9659 0.9662 0.9394 0.8880 0.9644 0.9776 0.9561 0.9268 0.9895 0.9394 0.9198 0.9400 0.9895 0.9662 0.9387 0.9785 0.9524 0.9533 0.9656 0.9162 0.7712 0.6740 0.6102 0.9276 0.9627 0.9776 0.9550 0.9680 0.9504 0.9644 0.9528 0.9776 0.8753 0.5328 0.6008 0.6184 0.3298 0.3562 0.3819 0.0000 0.3958 0.4481 0.8880 0.8867 0.9103 0.9766 0.9641 0.8995 0.9895 0.9528 0.9895 0.9504 0.9524 0.9634 0.9509 0.9488 0.9631 0.9537 0.9650 0.9895 0.9482 0.9672 0.5289 0.9774 0.9895 0.5729 0.9653 0.9653 0.9777 0.9268 0.9537 0.9895 0.9244 0.9895 0.9662 0.9550 0.9777 0.9776 0.9533 0.9662 0.9784 0.9780 0.9554 0.9650 0.9784 0.9895
OTOMI_TEMOAYA                         0.9895 0.9895 0.9755 0.9765 0.9895 0.9509 0.9634 0.9638 0.9761 0.9217 0.9757 0.9763 0.9653 0.9345 0.9895 0.9482 0.9438 0.9488 0.9895 0.9638 0.9759 0.9895 0.9482 0.9765 0.9765 0.9081 0.8194 0.6543 0.5787 0.9494 0.9747 0.9763 0.9771 0.9895 0.9608 0.9895 0.9627 0.9895 0.9226 0.4142 0.5654 0.6402 0.3579 0.2761 0.6164 0.3958 0.0000 0.3872 0.9360 0.9059 0.9167 0.9751 0.9755 0.9488 0.9895 0.9627 0.9895 0.9608 0.9761 0.9751 0.9612 0.9595 0.9749 0.9634 0.9761 0.9895 0.9895 0.9650 0.5138 0.9761 0.9895 0.5626 0.9763 0.9627 0.9765 0.9198 0.9634 0.9895 0.9471 0.9895 0.9768 0.9514 0.9765 0.9763 0.9631 0.9768 0.9895 0.9638 0.9647 0.9624 0.9773 0.9895
OTOMI_TOLUCA                          0.9895 0.9895 0.9759 0.9768 0.9895 0.9773 0.9769 0.9644 0.9631 0.9235 0.9761 0.9766 0.9659 0.9360 0.9895 0.9494 0.9295 0.9499 0.9768 0.9644 0.9763 0.9895 0.9494 0.9768 0.9768 0.9244 0.8748 0.7046 0.6423 0.9638 0.9751 0.9766 0.9895 0.9895 0.9616 0.9895 0.9634 0.9766 0.9381 0.5937 0.5820 0.6014 0.3837 0.2301 0.5607 0.4481 0.3872 0.0000 0.9374 0.9226 0.9337 0.9612 0.9759 0.9499 0.9895 0.9766 0.9895 0.9471 0.9765 0.9755 0.9759 0.9751 0.9753 0.9769 0.9765 0.9895 0.9749 0.9656 0.5831 0.9765 0.9895 0.5518 0.9895 0.9634 0.9768 0.9499 0.9769 0.9895 0.9624 0.9895 0.9644 0.9650 0.9895 0.9895 0.9768 0.9895 0.9895 0.9771 0.9776 0.9765 0.9895 0.9895
PAME_DE_JILIAPAN_1958                 0.9524 0.9519 0.9499 0.9774 0.9387 0.9778 0.9895 0.9656 0.9244 0.8558 0.9768 0.9773 0.9188 0.9647 0.9387 0.9644 0.9329 0.9647 0.9524 0.9777 0.9092 0.9429 0.9381 0.9124 0.9650 0.9533 0.9103 0.9179 0.8810 0.9260 0.9477 0.9895 0.9895 0.9786 0.9631 0.9768 0.9647 0.9519 0.9406 0.9022 0.9345 0.9188 0.9260 0.9374 0.8929 0.8880 0.9360 0.9374 0.0000 0.6102 0.6076 0.9627 0.9499 0.8825 0.9394 0.9387 0.9519 0.9765 0.9244 0.9345 0.9360 0.9329 0.9188 0.9134 0.9381 0.9528 0.9616 0.9667 0.8983 0.9771 0.9627 0.9081 0.9519 0.9647 0.9650 0.9519 0.9653 0.9268 0.9081 0.9524 0.9895 0.9895 0.9394 0.9519 0.9394 0.9533 0.9546 0.9656 0.9546 0.9244 0.9299 0.9143
PAME_DE_PALUCA_1958                   0.9387 0.9381 0.9353 0.9773 0.9244 0.9533 0.9774 0.9400 0.9235 0.8691 0.9766 0.9771 0.9179 0.9644 0.9244 0.9641 0.9471 0.9771 0.9387 0.9776 0.9638 0.9299 0.9374 0.9519 0.9519 0.9400 0.8640 0.9040 0.8795 0.9519 0.9616 0.9895 0.9659 0.9557 0.9488 0.9634 0.9514 0.9381 0.9400 0.9009 0.9034 0.9178 0.9114 0.9226 0.8917 0.8867 0.9059 0.9226 0.6102 0.0000 0.6249 0.9624 0.9631 0.9244 0.9252 0.9244 0.9381 0.9763 0.9641 0.9624 0.9631 0.9471 0.9620 0.9524 0.9641 0.9394 0.9465 0.9665 0.8971 0.9769 0.9624 0.8919 0.9381 0.9644 0.9773 0.9514 0.9650 0.9124 0.9360 0.9387 0.9653 0.9659 0.9387 0.9381 0.9387 0.9400 0.9418 0.9528 0.9418 0.9092 0.9162 0.9134
PAME_MERIDIONAL                       0.9634 0.9631 0.9471 0.9766 0.9494 0.9514 0.9638 0.9509 0.9345 0.8933 0.9895 0.9631 0.9406 0.9631 0.9494 0.9488 0.9286 0.9631 0.9634 0.9769 0.9482 0.9528 0.9345 0.9499 0.9634 0.9374 0.8891 0.9134 0.9047 0.9499 0.9599 0.9895 0.9647 0.9541 0.9465 0.9477 0.9494 0.9631 0.9769 0.9286 0.8981 0.9295 0.9217 0.9337 0.9007 0.9103 0.9167 0.9337 0.6076 0.6249 0.0000 0.9608 0.9471 0.9208 0.9499 0.9631 0.9765 0.9612 0.9488 0.9458 0.9471 0.9445 0.9452 0.9367 0.9488 0.9638 0.9595 0.9528 0.9217 0.9763 0.9608 0.9022 0.9631 0.9765 0.9766 0.9494 0.9638 0.9367 0.9022 0.9634 0.9769 0.9647 0.9634 0.9494 0.9634 0.9641 0.9650 0.9641 0.9650 0.9488 0.9524 0.9509
POPOLOCA_DE_SAN_VICENTE_COYOTEPEC     0.9624 0.9895 0.9895 0.9761 0.9759 0.9070 0.9627 0.9631 0.9167 0.9198 0.9895 0.9759 0.9647 0.9895 0.9620 0.7948 0.8332 0.9022 0.9761 0.8905 0.8658 0.9771 0.7547 0.8876 0.9761 0.9631 0.9321 0.9244 0.9616 0.8545 0.8332 0.9620 0.9226 0.8995 0.9122 0.8981 0.9022 0.9895 0.9059 0.9743 0.9747 0.9745 0.9761 0.9755 0.9895 0.9766 0.9751 0.9612 0.9627 0.9624 0.9608 0.0000 0.7848 0.6944 0.9761 0.9759 0.9759 0.8597 0.8677 0.8759 0.8246 0.8332 0.8740 0.8731 0.8677 0.9763 0.9416 0.9895 0.9624 0.9616 0.9895 0.9895 0.9759 0.9477 0.9624 0.9329 0.9627 0.9763 0.9304 0.9624 0.9059 0.9638 0.9624 0.9477 0.9761 0.9765 0.9769 0.9631 0.9641 0.9757 0.9769 0.9631
POPOLOCA_METZONTLA                    0.9631 0.9763 0.9895 0.9765 0.9763 0.9235 0.9766 0.9768 0.9188 0.9499 0.9895 0.9895 0.9653 0.9895 0.9763 0.8194 0.7985 0.9345 0.9895 0.9638 0.8167 0.9774 0.8372 0.8246 0.9765 0.9504 0.9337 0.9650 0.9761 0.8418 0.8575 0.9488 0.9381 0.9537 0.8981 0.9321 0.9198 0.9895 0.9367 0.9747 0.9751 0.9749 0.9765 0.9759 0.9776 0.9641 0.9755 0.9759 0.9499 0.9631 0.9471 0.7848 0.0000 0.6117 0.9631 0.9763 0.9763 0.9458 0.8372 0.8246 0.8299 0.8575 0.8218 0.9217 0.8194 0.9766 0.9266 0.9650 0.9765 0.9337 0.9895 0.9895 0.9627 0.9345 0.9631 0.9047 0.9499 0.9766 0.9321 0.9631 0.9638 0.9771 0.9631 0.9763 0.9765 0.9504 0.9773 0.9768 0.9773 0.9761 0.9773 0.9768
POPOLOCA_SAN_JUAN_ATZINGO             0.9514 0.9769 0.9627 0.9514 0.9641 0.9134 0.9773 0.9774 0.9226 0.9252 0.9895 0.9769 0.9665 0.9769 0.9641 0.8623 0.8299 0.9374 0.9771 0.9524 0.8270 0.9541 0.8123 0.8501 0.9514 0.9650 0.8933 0.9291 0.9367 0.8340 0.8658 0.9092 0.9406 0.9313 0.9034 0.9353 0.9092 0.9509 0.9260 0.9313 0.9477 0.9167 0.9244 0.9499 0.9171 0.8995 0.9488 0.9499 0.8825 0.9244 0.9208 0.6944 0.6117 0.0000 0.9644 0.9509 0.9641 0.9337 0.8461 0.8525 0.8396 0.8829 0.8324 0.9114 0.8623 0.9647 0.8812 0.9541 0.9103 0.9081 0.9895 0.9494 0.9374 0.9092 0.9381 0.9092 0.9647 0.9647 0.9059 0.9514 0.9524 0.9895 0.9514 0.9769 0.9514 0.9524 0.9537 0.9650 0.9778 0.9638 0.9659 0.9650
QUIOQUITANI_QUIERI_ZAPOTEC            0.5301 0.5217 0.5680 0.9895 0.4667 0.9533 0.7712 0.6384 0.9509 0.9650 0.9634 0.9644 0.9667 0.9381 0.4074 0.9895 0.9895 0.9771 0.5800 0.9528 0.9638 0.4241 0.9509 0.9519 0.6037 0.9400 0.9509 0.9424 0.9769 0.9647 0.9757 0.9895 0.9659 0.9672 0.9763 0.9766 0.9644 0.4667 0.9528 0.9895 0.9895 0.9895 0.9895 0.9895 0.9667 0.9895 0.9895 0.9895 0.9394 0.9252 0.9499 0.9761 0.9631 0.9644 0.0000 0.4667 0.4947 0.9763 0.9769 0.9895 0.9631 0.9757 0.9759 0.9124 0.9769 0.3996 0.9612 0.9781 0.9647 0.9895 0.6047 0.9634 0.4377 0.9895 0.9895 0.9244 0.9124 0.3029 0.9499 0.5301 0.9528 0.6896 0.6267 0.5477 0.4186 0.3492 0.5442 0.6164 0.6546 0.5902 0.4687 0.5208
SANTA_INES_YATZECHI_ZAPOTEC           0.5477 0.5902 0.5601 0.9895 0.5654 0.9400 0.7858 0.7712 0.9638 0.9519 0.9353 0.9235 0.9299 0.9235 0.4567 0.9638 0.9755 0.9509 0.7266 0.9774 0.9766 0.4687 0.9504 0.9644 0.5477 0.9124 0.9504 0.9291 0.9504 0.9514 0.9755 0.9895 0.9777 0.9670 0.9761 0.9765 0.9509 0.3958 0.9524 0.9465 0.9759 0.9895 0.9514 0.9634 0.9424 0.9528 0.9627 0.9766 0.9387 0.9244 0.9631 0.9759 0.9763 0.9509 0.4667 0.0000 0.5654 0.9624 0.9768 0.9895 0.9488 0.9612 0.9757 0.9252 0.9768 0.4764 0.9608 0.9895 0.9103 0.9895 0.6944 0.9494 0.4268 0.9769 0.9895 0.9235 0.9114 0.5301 0.9494 0.5477 0.9650 0.7774 0.6432 0.6142 0.4377 0.5381 0.5607 0.6102 0.6282 0.5831 0.5367 0.5630
SANTA_MARIA_QUIEGOLANI_ZAPOTEC        0.5729 0.5654 0.6117 0.9895 0.5131 0.9528 0.8362 0.7532 0.9504 0.9519 0.9494 0.9235 0.9299 0.9374 0.4567 0.9768 0.9755 0.9641 0.6432 0.9394 0.9766 0.5442 0.9768 0.9644 0.6205 0.9650 0.9367 0.9291 0.9638 0.9644 0.9755 0.9895 0.9777 0.9670 0.9761 0.9765 0.9641 0.4567 0.9394 0.9895 0.9895 0.9895 0.9895 0.9895 0.9781 0.9895 0.9895 0.9895 0.9519 0.9381 0.9765 0.9759 0.9763 0.9641 0.4947 0.5654 0.0000 0.9624 0.9768 0.9895 0.9627 0.9755 0.9757 0.9647 0.9768 0.5037 0.9608 0.9895 0.9644 0.9895 0.6714 0.9765 0.5654 0.9895 0.9895 0.9235 0.9114 0.5301 0.9631 0.5729 0.9650 0.7600 0.6651 0.5902 0.4667 0.5381 0.6282 0.6326 0.6896 0.6541 0.5367 0.5630
SAN_ANDRES_TEOTILALPAM_CUICATEC       0.9488 0.9895 0.9608 0.9895 0.9624 0.8623 0.9494 0.9499 0.9178 0.9494 0.9313 0.9624 0.9774 0.9761 0.9482 0.9329 0.9431 0.9337 0.9627 0.5497 0.9009 0.9647 0.9178 0.9345 0.9488 0.9766 0.9620 0.8971 0.9477 0.9198 0.8740 0.9895 0.8795 0.8723 0.8967 0.8658 0.8545 0.9761 0.9360 0.9431 0.9599 0.9438 0.9198 0.9471 0.9524 0.9504 0.9608 0.9471 0.9765 0.9763 0.9612 0.8597 0.9458 0.9337 0.9763 0.9624 0.9624 0.0000 0.9178 0.9286 0.8981 0.8921 0.9276 0.9208 0.9178 0.9765 0.9084 0.9773 0.9488 0.9895 0.9895 0.9612 0.9624 0.9895 0.9763 0.9482 0.9494 0.9765 0.8658 0.9488 0.8764 0.9509 0.9763 0.9624 0.9627 0.9766 0.9644 0.9499 0.9381 0.9620 0.9771 0.9766
