 6
DARIBI         0.0000 0.8108 0.8378 0.8649 0.8378 0.8227
FOLOPA         0.8108 0.0000 0.5661 0.6638 0.6726 0.6726
FOLOPA_BORO    0.8378 0.5661 0.0000 0.4849 0.5021 0.6431
FOLOPA_SOPESE  0.8649 0.6638 0.4849 0.0000 0.5630 0.6103
FOLOPA_SURI    0.8378 0.6726 0.5021 0.5630 0.0000 0.6431
TEBERA         0.8227 0.6726 0.6431 0.6103 0.6431 0.0000
