 45
ACHE                0.0000 0.7236 0.7946 0.7299 0.7858 0.7307 0.6896 0.6646 0.9387 0.8919 0.7384 0.8189 0.6596 0.7022 0.7341 0.8867 0.7196 0.9276 0.7679 0.7744 0.8780 0.9360 0.6754 0.9081 0.8825 0.8839 0.7600 0.7532 0.7600 0.7827 0.8995 0.8266 0.7384 0.6793 0.7002 0.7421 0.7196 0.9276 0.7567 0.7307 0.7196 0.7325 0.7068 0.8971 0.7576
AMONDAVA            0.7236 0.0000 0.5250 0.7196 0.5787 0.5238 0.5314 0.6488 0.8545 0.8981 0.5414 0.7891 0.5937 0.6161 0.6534 0.8604 0.4850 0.8919 0.6047 0.5937 0.8658 0.9304 0.6117 0.9313 0.8194 0.8891 0.5757 0.4749 0.4656 0.7379 0.8246 0.7600 0.5138 0.6205 0.5138 0.5048 0.2474 0.8919 0.4241 0.5787 0.0254 0.6883 0.7165 0.8194 0.7715
APIAKA              0.7946 0.5250 0.0000 0.7124 0.5566 0.5856 0.6413 0.7462 0.8778 0.8701 0.7016 0.8353 0.6534 0.6791 0.7179 0.8829 0.6534 0.8995 0.6908 0.7244 0.8530 0.9070 0.6470 0.8905 0.8411 0.8435 0.6596 0.5360 0.7068 0.7329 0.8638 0.7182 0.6534 0.7421 0.6014 0.6260 0.5739 0.8658 0.6014 0.7146 0.5154 0.6803 0.7774 0.8597 0.7468
ARAWETE             0.7299 0.7196 0.7124 0.0000 0.7040 0.6260 0.6014 0.6714 0.9097 0.8658 0.6660 0.8156 0.6135 0.5497 0.7068 0.8795 0.6908 0.9295 0.6791 0.7376 0.8680 0.9042 0.5772 0.8871 0.8553 0.8385 0.6721 0.6850 0.7638 0.8128 0.8597 0.8068 0.6660 0.6413 0.5856 0.6105 0.7146 0.8967 0.6402 0.7040 0.7146 0.7112 0.6462 0.8740 0.7611
ASURINI             0.7858 0.5787 0.5566 0.7040 0.0000 0.5250 0.5601 0.6761 0.8829 0.8937 0.6477 0.7967 0.5709 0.6470 0.7094 0.8713 0.5432 0.9188 0.5541 0.7165 0.8778 0.9438 0.6161 0.9286 0.8299 0.8677 0.6538 0.4741 0.7211 0.7464 0.8525 0.7679 0.5145 0.6926 0.4846 0.5937 0.6230 0.9034 0.5709 0.6836 0.5709 0.6941 0.7244 0.8481 0.7598
ASURINI_XINGU       0.7307 0.5238 0.5856 0.6260 0.5250 0.0000 0.4443 0.6076 0.8481 0.8759 0.4846 0.7967 0.5145 0.5360 0.6333 0.8713 0.4211 0.9188 0.5541 0.5974 0.8411 0.9276 0.5626 0.8952 0.7916 0.8503 0.6047 0.4741 0.6995 0.7016 0.8349 0.7307 0.3872 0.6249 0.3148 0.4048 0.5709 0.8876 0.4846 0.5250 0.5145 0.6339 0.6279 0.8658 0.7376
AVA_CANOEIRO        0.6896 0.5314 0.6413 0.6014 0.5601 0.4443 0.0000 0.5630 0.8891 0.8829 0.4656 0.7916 0.4947 0.4846 0.5820 0.8780 0.4656 0.9226 0.5864 0.6008 0.8677 0.9313 0.4552 0.9009 0.8220 0.8748 0.5577 0.5138 0.6312 0.6770 0.8604 0.7276 0.4947 0.5555 0.4039 0.4846 0.6008 0.8933 0.4656 0.6117 0.5497 0.5720 0.6538 0.8731 0.7336
CHIRIGUANO          0.6646 0.6488 0.7462 0.6714 0.6761 0.6076 0.5630 0.0000 0.9081 0.9188 0.5971 0.6900 0.3760 0.4850 0.5787 0.8825 0.5971 0.9387 0.6312 0.7068 0.9198 0.9624 0.3958 0.9345 0.8780 0.8946 0.7112 0.6142 0.7112 0.6708 0.8959 0.7209 0.5217 0.3615 0.5729 0.5680 0.6205 0.9519 0.5971 0.5577 0.6432 0.6111 0.6483 0.8780 0.6824
CINTA_LARGA         0.9387 0.8545 0.8778 0.9097 0.8829 0.8481 0.8891 0.9081 0.0000 0.7985 0.8861 0.9445 0.8861 0.9134 0.9276 0.9482 0.8861 0.9034 0.8829 0.9022 0.9749 0.9109 0.9009 0.9599 0.7291 0.9616 0.9034 0.8677 0.9034 0.9304 0.9329 0.9252 0.8695 0.9217 0.8861 0.8795 0.8525 0.9188 0.8525 0.8829 0.8525 0.9162 0.8812 0.9156 0.9599
GAVIAO_DO_RONDONIA  0.8919 0.8981 0.8701 0.8658 0.8937 0.8759 0.8829 0.9188 0.7985 0.0000 0.8795 0.9546 0.8795 0.9084 0.8871 0.8812 0.8967 0.9458 0.8937 0.9295 0.8701 0.8062 0.8952 0.8701 0.8189 0.8778 0.9304 0.8778 0.9304 0.9266 0.9295 0.9217 0.8967 0.9178 0.8618 0.9256 0.8795 0.8458 0.8618 0.8937 0.8967 0.8983 0.8740 0.8937 0.9070
GUAJAJARA           0.7384 0.5414 0.7016 0.6660 0.6477 0.4846 0.4656 0.5971 0.8861 0.8795 0.0000 0.7710 0.5328 0.5250 0.6721 0.9208 0.4749 0.9353 0.6230 0.6361 0.8981 0.9452 0.4644 0.9304 0.8167 0.9188 0.6184 0.5518 0.6653 0.7336 0.8566 0.7384 0.5328 0.5902 0.5044 0.3958 0.5864 0.9059 0.4749 0.5432 0.5601 0.6241 0.7117 0.9022 0.7464
GUARANI             0.8189 0.7891 0.8353 0.8156 0.7967 0.7967 0.7916 0.6900 0.9445 0.9546 0.7710 0.0000 0.7048 0.6498 0.8481 0.9108 0.7865 0.9682 0.7812 0.8307 0.9429 0.9424 0.7009 0.9782 0.9204 0.9450 0.8039 0.7839 0.8464 0.8392 0.9099 0.8449 0.7551 0.6860 0.7865 0.7421 0.8163 0.9789 0.8016 0.7488 0.8016 0.8281 0.8246 0.9080 0.8642
GUARANI_ANTIGO      0.6596 0.5937 0.6534 0.6135 0.5709 0.5145 0.4947 0.3760 0.8861 0.8795 0.5328 0.7048 0.0000 0.4632 0.5937 0.8748 0.5601 0.9353 0.5709 0.6117 0.8981 0.9452 0.4000 0.9304 0.8349 0.8876 0.6876 0.5238 0.7299 0.6891 0.8396 0.7002 0.5044 0.4567 0.5044 0.5541 0.5864 0.9208 0.5601 0.5432 0.5864 0.6241 0.6161 0.8695 0.6534
GUARANI_KAIWA       0.7022 0.6161 0.6791 0.5497 0.6470 0.5360 0.4846 0.4850 0.9134 0.9084 0.5250 0.6498 0.4632 0.0000 0.6728 0.8845 0.6089 0.9167 0.6470 0.6089 0.8921 0.9424 0.3452 0.9097 0.8435 0.8812 0.5626 0.5452 0.6656 0.6908 0.8658 0.7421 0.5250 0.4443 0.5541 0.4498 0.6836 0.9167 0.4947 0.5360 0.6348 0.6439 0.6660 0.8618 0.7281
GUARAYU             0.7341 0.6534 0.7179 0.7068 0.7094 0.6333 0.5820 0.5787 0.9276 0.8871 0.6721 0.8481 0.5937 0.6728 0.0000 0.8812 0.6208 0.9458 0.6850 0.7196 0.8888 0.9235 0.6135 0.9246 0.8759 0.8952 0.6780 0.6135 0.7244 0.6791 0.8435 0.7539 0.6470 0.6230 0.5654 0.6728 0.6470 0.9304 0.6208 0.7094 0.6470 0.6754 0.7281 0.8937 0.7179
JURUNA              0.8867 0.8604 0.8829 0.8795 0.8713 0.8713 0.8780 0.8825 0.9482 0.8812 0.9208 0.9108 0.8748 0.8845 0.8812 0.0000 0.8748 0.9360 0.8876 0.9208 0.8299 0.8812 0.9047 0.8995 0.9188 0.8891 0.8919 0.8731 0.8604 0.9022 0.9059 0.9406 0.8748 0.8658 0.8418 0.9321 0.8748 0.8919 0.8905 0.9034 0.8585 0.9313 0.8861 0.4644 0.9156
KAMAYURA            0.7196 0.4850 0.6534 0.6908 0.5432 0.4211 0.4656 0.5971 0.8861 0.8967 0.4749 0.7865 0.5601 0.6089 0.6208 0.8748 0.0000 0.9059 0.4846 0.6596 0.8458 0.9452 0.6047 0.9145 0.8167 0.8713 0.6423 0.5238 0.6184 0.7547 0.8396 0.7567 0.4123 0.6142 0.3789 0.4632 0.5044 0.8905 0.4749 0.6477 0.4749 0.6839 0.6891 0.8349 0.7464
KARITIANA           0.9276 0.8919 0.8995 0.9295 0.9188 0.9188 0.9226 0.9387 0.9034 0.9458 0.9353 0.9682 0.9353 0.9167 0.9458 0.9360 0.9059 0.0000 0.9034 0.9208 0.9156 0.9304 0.9345 0.9156 0.9188 0.9047 0.9217 0.9047 0.8919 0.9620 0.9208 0.9656 0.9208 0.9244 0.8905 0.9321 0.8905 0.8440 0.9059 0.9482 0.8905 0.9435 0.9477 0.9188 0.9465
KAYABI              0.7679 0.6047 0.6908 0.6791 0.5541 0.5541 0.5864 0.6312 0.8829 0.8937 0.6230 0.7812 0.5709 0.6470 0.6850 0.8876 0.4846 0.9034 0.0000 0.6714 0.8597 0.9438 0.6161 0.9445 0.8481 0.8845 0.6770 0.6161 0.6770 0.7882 0.8349 0.8031 0.5709 0.6249 0.4846 0.5937 0.5709 0.9188 0.5709 0.6596 0.5974 0.7130 0.7016 0.8658 0.7812
KOKAMA              0.7744 0.5937 0.7244 0.7376 0.7165 0.5974 0.6008 0.7068 0.9022 0.9295 0.6361 0.8307 0.6117 0.6089 0.7196 0.9208 0.6596 0.9208 0.6714 0.0000 0.9145 0.9452 0.6047 0.8981 0.8349 0.9337 0.6876 0.6297 0.6876 0.7948 0.8566 0.7916 0.6361 0.6813 0.6117 0.6089 0.6596 0.9059 0.5601 0.6714 0.6117 0.7386 0.7336 0.8861 0.8081
KURUAYA             0.8780 0.8658 0.8530 0.8680 0.8778 0.8411 0.8677 0.9198 0.9749 0.8701 0.8981 0.9429 0.8981 0.8921 0.8888 0.8299 0.8458 0.9156 0.8597 0.9145 0.0000 0.8506 0.9134 0.8905 0.9445 0.7196 0.8829 0.8618 0.8829 0.9109 0.8981 0.9367 0.8812 0.9034 0.7882 0.9097 0.8812 0.8299 0.8638 0.8952 0.8638 0.9134 0.8575 0.8778 0.9084
MAKURAP             0.9360 0.9304 0.9070 0.9042 0.9438 0.9276 0.9313 0.9624 0.9109 0.8062 0.9452 0.9424 0.9452 0.9424 0.9235 0.8812 0.9452 0.9304 0.9438 0.9452 0.8506 0.0000 0.9445 0.8096 0.8937 0.8952 0.9304 0.9122 0.9458 0.9431 0.9295 0.9766 0.9452 0.9477 0.9134 0.9586 0.9295 0.8458 0.9295 0.9438 0.9295 0.9394 0.9266 0.9109 0.9416
MBYA                0.6754 0.6117 0.6470 0.5772 0.6161 0.5626 0.4552 0.3958 0.9009 0.8952 0.4644 0.7009 0.4000 0.3452 0.6135 0.9047 0.6047 0.9345 0.6161 0.6047 0.9134 0.9445 0.0000 0.8967 0.8503 0.9022 0.5328 0.5709 0.6824 0.6596 0.8713 0.6326 0.5238 0.3837 0.5518 0.4178 0.6297 0.9198 0.4644 0.4087 0.6297 0.5277 0.6348 0.8845 0.6208
MEKENS              0.9081 0.9313 0.8905 0.8871 0.9286 0.8952 0.9009 0.9345 0.9599 0.8701 0.9304 0.9782 0.9304 0.9097 0.9246 0.8995 0.9145 0.9156 0.9445 0.8981 0.8905 0.8096 0.8967 0.0000 0.9122 0.8967 0.9465 0.9295 0.9313 0.9595 0.9458 0.9504 0.9145 0.9337 0.8812 0.9431 0.9458 0.7715 0.9145 0.9445 0.9304 0.9134 0.8937 0.8778 0.9424
MONDE               0.8825 0.8194 0.8411 0.8553 0.8299 0.7916 0.8220 0.8780 0.7291 0.8189 0.8167 0.9204 0.8349 0.8435 0.8759 0.9188 0.8167 0.9188 0.8481 0.8349 0.9445 0.8937 0.8503 0.9122 0.0000 0.9616 0.8545 0.8324 0.8713 0.8981 0.9329 0.9114 0.7980 0.8764 0.8167 0.8435 0.8349 0.9034 0.7980 0.8481 0.8167 0.8893 0.8458 0.8829 0.9286
MUNDURUKU           0.8839 0.8891 0.8435 0.8385 0.8677 0.8503 0.8748 0.8946 0.9616 0.8778 0.9188 0.9450 0.8876 0.8812 0.8952 0.8891 0.8713 0.9047 0.8845 0.9337 0.7196 0.8952 0.9022 0.8967 0.9616 0.0000 0.9047 0.8525 0.9047 0.8995 0.9034 0.9124 0.8713 0.8933 0.8010 0.8981 0.9034 0.8396 0.8713 0.8845 0.8876 0.8905 0.8658 0.8677 0.8967
NHENGATU            0.7600 0.5757 0.6596 0.6721 0.6538 0.6047 0.5577 0.7112 0.9034 0.9304 0.6184 0.8039 0.6876 0.5626 0.6780 0.8919 0.6423 0.9217 0.6770 0.6876 0.8829 0.9304 0.5328 0.9465 0.8545 0.9047 0.0000 0.5864 0.6708 0.6477 0.8246 0.7236 0.6423 0.6432 0.5937 0.5048 0.6423 0.9360 0.5414 0.6047 0.5937 0.7068 0.7586 0.8713 0.7068
PARAKANA            0.7532 0.4749 0.5360 0.6850 0.4741 0.4741 0.5138 0.6142 0.8677 0.8778 0.5518 0.7839 0.5238 0.5452 0.6135 0.8731 0.5238 0.9047 0.6161 0.6297 0.8618 0.9122 0.5709 0.9295 0.8324 0.8525 0.5864 0.0000 0.6361 0.6596 0.8194 0.7346 0.4947 0.6312 0.4644 0.4842 0.5518 0.8891 0.4329 0.6161 0.4947 0.6596 0.7068 0.8503 0.7196
PARINTINTIN         0.7600 0.4656 0.7068 0.7638 0.7211 0.6995 0.6312 0.7112 0.9034 0.9304 0.6653 0.8464 0.7299 0.6656 0.7244 0.8604 0.6184 0.8919 0.6770 0.6876 0.8829 0.9458 0.6824 0.9313 0.8713 0.9047 0.6708 0.6361 0.0000 0.7786 0.8905 0.8268 0.6653 0.6205 0.6653 0.6413 0.4850 0.9217 0.5680 0.6538 0.4850 0.7590 0.7165 0.8372 0.8110
PAUSERNA            0.7827 0.7379 0.7329 0.8128 0.7464 0.7016 0.6770 0.6708 0.9304 0.9266 0.7336 0.8392 0.6891 0.6908 0.6791 0.9022 0.7547 0.9620 0.7882 0.7948 0.9109 0.9431 0.6596 0.9595 0.8981 0.8995 0.6477 0.6596 0.7786 0.0000 0.8845 0.7068 0.7117 0.7091 0.6891 0.6660 0.7547 0.9759 0.7336 0.6780 0.7547 0.7633 0.7638 0.9145 0.6596
SATERE_MAWE         0.8995 0.8246 0.8638 0.8597 0.8525 0.8349 0.8604 0.8959 0.9329 0.9295 0.8566 0.9099 0.8396 0.8658 0.8435 0.9059 0.8396 0.9208 0.8349 0.8566 0.8981 0.9295 0.8713 0.9458 0.9329 0.9034 0.8246 0.8194 0.8905 0.8845 0.0000 0.8853 0.8566 0.8640 0.7853 0.8829 0.8396 0.8905 0.8731 0.8695 0.8220 0.8917 0.8677 0.9022 0.8812
SIRIONO             0.8266 0.7600 0.7182 0.8068 0.7679 0.7307 0.7276 0.7209 0.9252 0.9217 0.7384 0.8449 0.7002 0.7421 0.7539 0.9406 0.7567 0.9656 0.8031 0.7916 0.9367 0.9766 0.6326 0.9504 0.9114 0.9124 0.7236 0.7346 0.8268 0.7068 0.8853 0.0000 0.7196 0.7350 0.7196 0.6813 0.7567 0.9656 0.7384 0.7307 0.7744 0.7484 0.8174 0.9387 0.6312
SURUI_DO_PARA       0.7384 0.5138 0.6534 0.6660 0.5145 0.3872 0.4947 0.5217 0.8695 0.8967 0.5328 0.7551 0.5044 0.5250 0.6470 0.8748 0.4123 0.9208 0.5709 0.6361 0.8812 0.9452 0.5238 0.9145 0.7980 0.8713 0.6423 0.4947 0.6653 0.7117 0.8566 0.7196 0.0000 0.5397 0.4123 0.4302 0.5601 0.8905 0.4443 0.5432 0.5328 0.6839 0.7117 0.8525 0.7244
TAPIETE             0.6793 0.6205 0.7421 0.6413 0.6926 0.6249 0.5555 0.3615 0.9217 0.9178 0.5902 0.6860 0.4567 0.4443 0.6230 0.8658 0.6142 0.9244 0.6249 0.6813 0.9034 0.9477 0.3837 0.9337 0.8764 0.8933 0.6432 0.6312 0.6205 0.7091 0.8640 0.7350 0.5397 0.0000 0.5902 0.5601 0.6142 0.9514 0.5902 0.5497 0.6373 0.6257 0.6653 0.8604 0.6995
TAPIRAPE            0.7002 0.5138 0.6014 0.5856 0.4846 0.3148 0.4039 0.5729 0.8861 0.8618 0.5044 0.7865 0.5044 0.5541 0.5654 0.8418 0.3789 0.8905 0.4846 0.6117 0.7882 0.9134 0.5518 0.8812 0.8167 0.8010 0.5937 0.4644 0.6653 0.6891 0.7853 0.7196 0.4123 0.5902 0.0000 0.4947 0.5601 0.8418 0.5044 0.5709 0.5044 0.6241 0.6656 0.8349 0.7244
TEMBE               0.7421 0.5048 0.6260 0.6105 0.5937 0.4048 0.4846 0.5680 0.8795 0.9256 0.3958 0.7421 0.5541 0.4498 0.6728 0.9321 0.4632 0.9321 0.5937 0.6089 0.9097 0.9586 0.4178 0.9431 0.8435 0.8981 0.5048 0.4842 0.6413 0.6660 0.8829 0.6813 0.4302 0.5601 0.4947 0.0000 0.5541 0.9321 0.3598 0.4732 0.5250 0.6224 0.7146 0.9134 0.7040
TENHARIM            0.7196 0.2474 0.5739 0.7146 0.6230 0.5709 0.6008 0.6205 0.8525 0.8795 0.5864 0.8163 0.5864 0.6836 0.6470 0.8748 0.5044 0.8905 0.5709 0.6596 0.8812 0.9295 0.6297 0.9458 0.8349 0.9034 0.6423 0.5518 0.4850 0.7547 0.8396 0.7567 0.5601 0.6142 0.5601 0.5541 0.0000 0.9059 0.4749 0.5974 0.2301 0.6839 0.6656 0.8349 0.7464
TUPARI              0.9276 0.8919 0.8658 0.8967 0.9034 0.8876 0.8933 0.9519 0.9188 0.8458 0.9059 0.9789 0.9208 0.9167 0.9304 0.8919 0.8905 0.8440 0.9188 0.9059 0.8299 0.8458 0.9198 0.7715 0.9034 0.8396 0.9360 0.8891 0.9217 0.9759 0.8905 0.9656 0.8905 0.9514 0.8418 0.9321 0.9059 0.0000 0.8748 0.9337 0.8905 0.9060 0.9178 0.8713 0.9465
TUPINAMBA           0.7567 0.4241 0.6014 0.6402 0.5709 0.4846 0.4656 0.5971 0.8525 0.8618 0.4749 0.8016 0.5601 0.4947 0.6208 0.8905 0.4749 0.9059 0.5709 0.5601 0.8638 0.9295 0.4644 0.9145 0.7980 0.8713 0.5414 0.4329 0.5680 0.7336 0.8731 0.7384 0.4443 0.5902 0.5044 0.3598 0.4749 0.8748 0.0000 0.5432 0.4443 0.6241 0.6891 0.8695 0.7244
URUBU_KAAPOR        0.7307 0.5787 0.7146 0.7040 0.6836 0.5250 0.6117 0.5577 0.8829 0.8937 0.5432 0.7488 0.5432 0.5360 0.7094 0.9034 0.6477 0.9482 0.6596 0.6714 0.8952 0.9438 0.4087 0.9445 0.8481 0.8845 0.6047 0.6161 0.6538 0.6780 0.8695 0.7307 0.5432 0.5497 0.5709 0.4732 0.5974 0.9337 0.5432 0.0000 0.5974 0.6746 0.6780 0.8658 0.7146
URUEWAUWAU          0.7196 0.0254 0.5154 0.7146 0.5709 0.5145 0.5497 0.6432 0.8525 0.8967 0.5601 0.8016 0.5864 0.6348 0.6470 0.8585 0.4749 0.8905 0.5974 0.6117 0.8638 0.9295 0.6297 0.9304 0.8167 0.8876 0.5937 0.4947 0.4850 0.7547 0.8220 0.7744 0.5328 0.6373 0.5044 0.5250 0.2301 0.8905 0.4443 0.5974 0.0000 0.6839 0.7117 0.8167 0.7677
WAYAMPI             0.7325 0.6883 0.6803 0.7112 0.6941 0.6339 0.5720 0.6111 0.9162 0.8983 0.6241 0.8281 0.6241 0.6439 0.6754 0.9313 0.6839 0.9435 0.7130 0.7386 0.9134 0.9394 0.5277 0.9134 0.8893 0.8905 0.7068 0.6596 0.7590 0.7633 0.8917 0.7484 0.6839 0.6257 0.6241 0.6224 0.6839 0.9060 0.6241 0.6746 0.6839 0.0000 0.7633 0.9291 0.7567
XETA                0.7068 0.7165 0.7774 0.6462 0.7244 0.6279 0.6538 0.6483 0.8812 0.8740 0.7117 0.8246 0.6161 0.6660 0.7281 0.8861 0.6891 0.9477 0.7016 0.7336 0.8575 0.9266 0.6348 0.8937 0.8458 0.8658 0.7586 0.7068 0.7165 0.7638 0.8677 0.8174 0.7117 0.6653 0.6656 0.7146 0.6656 0.9178 0.6891 0.6780 0.7117 0.7633 0.0000 0.8812 0.7985
XIPAYA              0.8971 0.8194 0.8597 0.8740 0.8481 0.8658 0.8731 0.8780 0.9156 0.8937 0.9022 0.9080 0.8695 0.8618 0.8937 0.4644 0.8349 0.9188 0.8658 0.8861 0.8778 0.9109 0.8845 0.8778 0.8829 0.8677 0.8713 0.8503 0.8372 0.9145 0.9022 0.9387 0.8525 0.8604 0.8349 0.9134 0.8349 0.8713 0.8695 0.8658 0.8167 0.9291 0.8812 0.0000 0.9122
YUQUI               0.7576 0.7715 0.7468 0.7611 0.7598 0.7376 0.7336 0.6824 0.9599 0.9070 0.7464 0.8642 0.6534 0.7281 0.7179 0.9156 0.7464 0.9465 0.7812 0.8081 0.9084 0.9416 0.6208 0.9424 0.9286 0.8967 0.7068 0.7196 0.8110 0.6596 0.8812 0.6312 0.7244 0.6995 0.7244 0.7040 0.7464 0.9465 0.7244 0.7146 0.7677 0.7567 0.7985 0.9122 0.0000
