 8
KAM_KA_KE      0.0000 0.4869 0.2656 0.5959 0.4805 0.6475 0.6175 0.6000
MASARWA_KAKIA  0.4869 0.0000 0.4725 0.6955 0.3331 0.4909 0.3857 0.4124
NG_KE          0.2656 0.4725 0.0000 0.6000 0.4444 0.6191 0.6041 0.5682
NU             0.5959 0.6955 0.6000 0.0000 0.6587 0.6444 0.7183 0.6290
NU_EN          0.4805 0.3331 0.4444 0.6587 0.0000 0.4614 0.4296 0.3759
XOON           0.6475 0.4909 0.6191 0.6444 0.4614 0.0000 0.2988 0.2988
XOON_MASARWA   0.6175 0.3857 0.6041 0.7183 0.4296 0.2988 0.0000 0.3437
XOON_NUEN      0.6000 0.4124 0.5682 0.6290 0.3759 0.2988 0.3437 0.0000
