 130
ABIRPARA_MAHALI              0.0000 0.9583 0.9583 0.9047 0.9578 0.9145 0.9446 0.9023 0.1014 0.8288 0.9196 0.9047 0.9459 0.9070 0.9752 0.9440 0.9186 0.9487 0.8984 0.9341 0.9059 0.9196 0.9426 0.9476 0.9619 0.9440 0.9587 0.4765 0.1267 0.9619 0.9600 0.9196 0.9047 0.8894 0.7975 0.9341 0.9205 0.8834 0.9615 0.9482 0.9362 0.8702 0.9492 0.9482 0.9341 0.9426 0.2988 0.7156 0.8880 0.9446 0.9196 0.9145 0.9459 0.9453 0.9166 0.9471 0.9156 0.9176 0.9318 0.9292 0.9035 0.9196 0.8737 0.9583 0.1014 0.9583 0.9265 0.9196 0.8908 0.9166 0.3912 0.9023 0.9224 0.9196 0.9047 0.8737 0.9205 0.9010 0.8906 0.0267 0.9186 0.1235 0.9635 0.9751 0.9196 0.0520 0.8930 0.9047 0.9476 0.9341 0.9459 0.1235 0.1300 0.0780 0.8448 0.8880 0.9301 0.8737 0.9752 0.9156 0.8880 0.3075 0.9459 0.9176 0.7628 0.9341 0.9196 0.9301 0.9047 0.9156 0.7936 0.8737 0.9047 0.9176 0.9341 0.9196 0.9482 0.9110 0.9301 0.8737 0.9341 0.9059 0.9615 0.8922 0.9619 0.9471 0.9754 0.9426 0.9587 0.9583
AISHUO_WA                    0.9583 0.0000 0.3205 0.8627 0.1497 0.8519 0.8294 0.8400 0.9583 0.8894 0.9134 0.8801 0.9085 0.9156 0.8071 0.9045 0.8784 0.8647 0.8894 0.9292 0.8288 0.8801 0.2259 0.8235 0.7455 0.9045 0.3381 0.9355 0.9578 0.8448 0.8322 0.8448 0.8970 0.9596 0.9553 0.9292 0.8647 0.9085 0.7187 0.9134 0.8157 0.9110 0.8997 0.8970 0.7455 0.9015 0.9578 0.9426 0.8424 0.9059 0.8448 0.8519 0.6782 0.8519 0.9098 0.6127 0.9085 0.9110 0.8926 0.8086 0.8040 0.8262 0.8970 0.1198 0.9583 0.4821 0.8625 0.8627 0.8818 0.8565 0.9292 0.8941 0.9010 0.8801 0.9134 0.8448 0.8471 0.9098 0.8680 0.9578 0.8607 0.9587 0.8029 0.7187 0.9134 0.9583 0.9265 0.8801 0.5647 0.8970 0.8910 0.9587 0.9569 0.9578 0.9569 0.8784 0.8894 0.8448 0.7007 0.8542 0.8956 0.9440 0.9733 0.8941 0.9564 0.8627 0.8627 0.8118 0.8970 0.8910 0.9745 0.8262 0.8627 0.9110 0.8970 0.8627 0.8448 0.8842 0.9072 0.8801 0.8448 0.9453 0.7412 0.8666 0.3818 0.9110 0.7906 0.3641 0.1976 0.1744
AWALAI_WA                    0.9583 0.3205 0.0000 0.8627 0.2541 0.8519 0.8495 0.8207 0.9583 0.8894 0.8970 0.8627 0.9085 0.9156 0.8262 0.9045 0.8784 0.8471 0.8710 0.9134 0.8288 0.8627 0.2259 0.8040 0.7235 0.9045 0.3801 0.9355 0.9578 0.8262 0.8118 0.8448 0.8801 0.9446 0.9201 0.9134 0.8471 0.9085 0.6954 0.8970 0.8514 0.8941 0.8834 0.8801 0.7455 0.8824 0.9578 0.9426 0.8607 0.9059 0.8262 0.8322 0.6782 0.8519 0.8926 0.5849 0.8910 0.8941 0.8748 0.8294 0.8040 0.8448 0.8801 0.2259 0.9583 0.5176 0.8418 0.8627 0.8647 0.8565 0.9292 0.8586 0.9010 0.8801 0.8970 0.8448 0.8288 0.8926 0.8828 0.9578 0.8424 0.9587 0.7843 0.7187 0.9134 0.9583 0.9132 0.8627 0.6462 0.8801 0.8910 0.9587 0.9569 0.9578 0.9404 0.8607 0.8894 0.8262 0.7007 0.8542 0.8784 0.9440 0.9578 0.8941 0.9224 0.8627 0.8448 0.7906 0.8970 0.8729 0.9459 0.8071 0.8448 0.8941 0.8801 0.8448 0.8262 0.8842 0.8894 0.8627 0.8448 0.9453 0.7412 0.8493 0.4173 0.9110 0.7497 0.4054 0.2471 0.2259
BAHNAR_2                     0.9047 0.8627 0.8627 0.0000 0.8424 0.8184 0.8514 0.8593 0.8894 0.8702 0.5895 0.6804 0.7651 0.8960 0.8630 0.6153 0.8769 0.7993 0.5780 0.8138 0.5211 0.5895 0.8448 0.8284 0.8784 0.6648 0.8471 0.8757 0.9035 0.8471 0.8362 0.5124 0.5895 0.8935 0.9292 0.8138 0.7059 0.7843 0.8612 0.8630 0.8373 0.8753 0.8814 0.7786 0.7965 0.8801 0.8880 0.8574 0.8450 0.6222 0.7412 0.7614 0.8720 0.8702 0.5673 0.8593 0.5856 0.6000 0.8574 0.7776 0.7936 0.7965 0.8784 0.8448 0.9047 0.8627 0.8801 0.8307 0.7993 0.8407 0.8784 0.8260 0.8680 0.7412 0.6365 0.7412 0.7636 0.5673 0.7957 0.9035 0.7373 0.8908 0.8565 0.8612 0.7786 0.8894 0.8436 0.7786 0.8612 0.8935 0.6588 0.8908 0.9010 0.8880 0.8684 0.5307 0.6289 0.8307 0.8630 0.8720 0.8112 0.8922 0.8385 0.6000 0.8834 0.6134 0.7965 0.7614 0.7602 0.8880 0.9102 0.6804 0.5390 0.6000 0.7602 0.5124 0.8784 0.7282 0.8865 0.7965 0.5895 0.8948 0.8922 0.8020 0.8307 0.9059 0.8799 0.8627 0.8471 0.8448
BANHONG_WA                   0.9578 0.1497 0.2541 0.8424 0.0000 0.8294 0.8265 0.8178 0.9578 0.8877 0.8956 0.8607 0.9072 0.9145 0.8235 0.9030 0.8767 0.8448 0.8690 0.9122 0.8071 0.8607 0.1497 0.8008 0.7187 0.9030 0.3205 0.9348 0.9574 0.8235 0.8086 0.8424 0.8784 0.9440 0.9371 0.9122 0.8448 0.9072 0.6899 0.8956 0.8314 0.9098 0.8818 0.8784 0.7412 0.8804 0.9574 0.9419 0.8400 0.9045 0.8235 0.8294 0.6720 0.8495 0.8910 0.5765 0.8894 0.8926 0.8729 0.8052 0.8008 0.8235 0.8607 0.0926 0.9578 0.4694 0.8391 0.8607 0.8801 0.8542 0.9283 0.8748 0.8997 0.8784 0.8956 0.8424 0.8262 0.8910 0.8664 0.9574 0.8400 0.9583 0.7810 0.6899 0.8956 0.9578 0.9122 0.8607 0.6127 0.8784 0.8894 0.9583 0.9564 0.9574 0.9396 0.8586 0.8877 0.8235 0.6713 0.8519 0.8767 0.9433 0.9574 0.8748 0.9388 0.8607 0.8424 0.7869 0.8956 0.8710 0.9600 0.8235 0.8424 0.8926 0.8784 0.8424 0.8235 0.8824 0.8877 0.8607 0.8424 0.9446 0.7367 0.8471 0.3677 0.9098 0.7667 0.3020 0.1198 0.0926
BATEK_DEQ                    0.9145 0.8519 0.8519 0.8184 0.8294 0.0000 0.5257 0.8493 0.9145 0.9283 0.8702 0.8535 0.9134 0.9341 0.9023 0.9265 0.8850 0.7651 0.8607 0.8865 0.8555 0.8535 0.8118 0.8684 0.8702 0.9426 0.8349 0.9249 0.9134 0.7202 0.7838 0.8362 0.8535 0.9326 0.9072 0.8865 0.8720 0.9134 0.8338 0.7412 0.8908 0.9156 0.9047 0.8865 0.7614 0.6720 0.8801 0.8984 0.7970 0.9433 0.8865 0.9122 0.8448 0.8607 0.8471 0.8493 0.8801 0.8493 0.9145 0.8207 0.8514 0.8865 0.8535 0.8322 0.9145 0.8519 0.5586 0.8535 0.8720 0.8471 0.9176 0.9156 0.8593 0.8702 0.8702 0.8535 0.8880 0.8647 0.8599 0.9134 0.8338 0.9156 0.8784 0.8850 0.8865 0.9145 0.8631 0.8535 0.8850 0.9023 0.9134 0.9156 0.9110 0.9134 0.8941 0.8514 0.9122 0.8535 0.8865 0.8448 0.8338 0.9166 0.9134 0.8129 0.8926 0.8535 0.8184 0.7628 0.8702 0.8071 0.9196 0.8535 0.8362 0.8834 0.8865 0.8702 0.8362 0.8149 0.8784 0.8865 0.8362 0.7247 0.9166 0.8407 0.8184 0.9309 0.9186 0.8322 0.8349 0.8322
BATEK_NONG                   0.9446 0.8294 0.8495 0.8514 0.8265 0.5257 0.0000 0.8984 0.9446 0.9110 0.9010 0.8850 0.9122 0.9476 0.9010 0.9419 0.8666 0.7614 0.8767 0.9010 0.8865 0.8684 0.8495 0.8834 0.8514 0.9419 0.8322 0.9241 0.9440 0.6222 0.7137 0.8514 0.8850 0.9318 0.9404 0.9166 0.9023 0.9122 0.8493 0.6706 0.9047 0.9301 0.9186 0.9010 0.7776 0.5166 0.9122 0.9134 0.8314 0.9426 0.9010 0.9110 0.8424 0.8207 0.8801 0.8647 0.9122 0.8818 0.9292 0.7320 0.8997 0.9010 0.8850 0.8294 0.9446 0.8877 0.5166 0.8514 0.9023 0.8801 0.9166 0.9301 0.8894 0.9010 0.9010 0.8850 0.8702 0.8970 0.9007 0.9440 0.8834 0.9301 0.8769 0.8666 0.9318 0.9446 0.9159 0.8850 0.8493 0.9166 0.9283 0.9301 0.9426 0.9440 0.9098 0.8834 0.9274 0.8850 0.8684 0.7838 0.8834 0.9309 0.9440 0.8647 0.9419 0.8514 0.8157 0.7137 0.7970 0.8040 0.9615 0.9010 0.8850 0.8984 0.8684 0.8850 0.8157 0.7222 0.9274 0.9318 0.8514 0.6762 0.9156 0.8880 0.8338 0.9301 0.9023 0.8690 0.8322 0.8294
BIT                          0.9023 0.8400 0.8207 0.8593 0.8178 0.8493 0.8984 0.0000 0.9023 0.8834 0.8593 0.8260 0.8514 0.9081 0.8753 0.8970 0.8737 0.8284 0.8493 0.8429 0.7936 0.8260 0.8008 0.7686 0.8260 0.9134 0.8235 0.9141 0.9010 0.8908 0.8493 0.8260 0.8429 0.9348 0.9274 0.8086 0.7754 0.8850 0.8058 0.8908 0.7257 0.8880 0.8630 0.8908 0.7721 0.9110 0.9166 0.9023 0.8235 0.9145 0.8429 0.8997 0.8157 0.8666 0.8535 0.8385 0.8338 0.8385 0.8865 0.8984 0.8574 0.8260 0.8429 0.8207 0.9023 0.8767 0.8586 0.8429 0.8284 0.8184 0.9205 0.8720 0.8329 0.8260 0.8753 0.8593 0.8450 0.8362 0.8214 0.9010 0.8058 0.9035 0.8212 0.8407 0.9059 0.9023 0.8540 0.8429 0.8574 0.8429 0.9010 0.9035 0.8984 0.9010 0.9600 0.8737 0.8666 0.8260 0.8086 0.8684 0.8058 0.9047 0.8850 0.8385 0.9134 0.9059 0.9059 0.8834 0.8753 0.8514 0.9497 0.8086 0.7906 0.8555 0.8908 0.8260 0.9059 0.8784 0.9156 0.8260 0.8908 0.9070 0.8407 0.8630 0.8429 0.9333 0.8450 0.8207 0.8235 0.8207
BODOBELGHORIA_SANTALI        0.1014 0.9583 0.9583 0.8894 0.9578 0.9145 0.9446 0.9023 0.0000 0.8100 0.9047 0.8894 0.9309 0.9070 0.9752 0.9283 0.9186 0.9348 0.8818 0.9341 0.8908 0.9196 0.9426 0.9476 0.9619 0.9283 0.9587 0.4765 0.1729 0.9619 0.9453 0.9047 0.8894 0.8894 0.7975 0.9341 0.9059 0.8666 0.9615 0.9482 0.9362 0.8865 0.9355 0.9341 0.9196 0.9426 0.3369 0.6935 0.8880 0.9292 0.9196 0.9145 0.9459 0.9301 0.9010 0.9471 0.8997 0.9023 0.9166 0.9292 0.8880 0.9196 0.8737 0.9583 0.1482 0.9583 0.9265 0.9047 0.8908 0.9166 0.3574 0.9023 0.9224 0.9047 0.8894 0.8574 0.9205 0.8850 0.8771 0.1267 0.9035 0.0760 0.9507 0.9751 0.9196 0.0520 0.9059 0.9047 0.9476 0.9341 0.9309 0.0760 0.1774 0.0267 0.8262 0.8720 0.9145 0.8737 0.9752 0.9156 0.8720 0.2695 0.9459 0.9023 0.7628 0.9341 0.9047 0.9301 0.9047 0.9156 0.7936 0.8574 0.8894 0.9023 0.9196 0.9047 0.9341 0.9110 0.9301 0.8737 0.9341 0.9059 0.9615 0.8922 0.9619 0.9471 0.9754 0.9426 0.9587 0.9583
BODO_GADABA                  0.8288 0.8894 0.8894 0.8702 0.8877 0.9283 0.9110 0.8834 0.8100 0.0000 0.8865 0.8184 0.8448 0.9047 0.9471 0.8926 0.8684 0.8720 0.8607 0.8535 0.8385 0.9023 0.9072 0.9010 0.8865 0.8748 0.8729 0.7877 0.8262 0.9326 0.8784 0.8865 0.8535 0.8362 0.8710 0.8702 0.8385 0.8262 0.9010 0.9326 0.9487 0.8314 0.8574 0.8865 0.8702 0.9245 0.8262 0.8100 0.9010 0.8941 0.8362 0.8424 0.8970 0.8956 0.8818 0.8834 0.8801 0.8834 0.8818 0.8767 0.8514 0.9023 0.9176 0.8894 0.8288 0.9245 0.9245 0.8184 0.8880 0.8818 0.7810 0.8666 0.9059 0.8184 0.8535 0.8865 0.8385 0.8647 0.8599 0.8262 0.8514 0.8129 0.9081 0.8684 0.9176 0.8100 0.8771 0.8184 0.9166 0.8865 0.8970 0.8129 0.8207 0.8071 0.7588 0.8684 0.8784 0.8702 0.8865 0.8801 0.8157 0.8157 0.9134 0.8834 0.8565 0.8865 0.8702 0.8784 0.8535 0.9134 0.8407 0.8362 0.8702 0.8666 0.8535 0.8362 0.9023 0.8542 0.8956 0.8535 0.9023 0.9476 0.9318 0.9196 0.8865 0.8666 0.9035 0.9412 0.8910 0.8894
BRAO_KRUNG                   0.9196 0.9134 0.8970 0.5895 0.8956 0.8702 0.9010 0.8593 0.9047 0.8865 0.0000 0.7013 0.7843 0.9241 0.8935 0.7537 0.8922 0.8647 0.5232 0.7965 0.6642 0.6588 0.8970 0.8112 0.8935 0.8129 0.8984 0.8894 0.9186 0.9081 0.8702 0.5895 0.4561 0.8784 0.9292 0.7786 0.7059 0.7651 0.8769 0.8935 0.8680 0.8593 0.8814 0.7412 0.8138 0.9134 0.9186 0.8574 0.9070 0.7576 0.7412 0.7810 0.8880 0.8702 0.2068 0.8593 0.3785 0.4941 0.8737 0.8338 0.8450 0.8138 0.8630 0.8970 0.9196 0.9134 0.8970 0.8471 0.7817 0.8407 0.8935 0.8429 0.8828 0.7216 0.5390 0.7412 0.7450 0.4235 0.7957 0.9186 0.7373 0.9059 0.8712 0.8922 0.8471 0.9047 0.8153 0.7786 0.8922 0.8935 0.7651 0.9059 0.9166 0.9035 0.8684 0.6966 0.8000 0.8307 0.8935 0.8880 0.7936 0.9070 0.8210 0.4348 0.8997 0.7412 0.8307 0.8000 0.8138 0.8880 0.9241 0.7602 0.6134 0.4034 0.7013 0.6134 0.8935 0.7497 0.9023 0.8307 0.7013 0.9232 0.9215 0.8351 0.8630 0.9205 0.9092 0.9134 0.8984 0.8970
BRU                          0.9047 0.8801 0.8627 0.6804 0.8607 0.8535 0.8850 0.8260 0.8894 0.8184 0.7013 0.0000 0.3075 0.8814 0.8935 0.7938 0.8612 0.8164 0.6289 0.7965 0.6854 0.7013 0.8627 0.7754 0.8630 0.7741 0.8647 0.8757 0.9035 0.8784 0.8000 0.5895 0.6365 0.8784 0.8970 0.7965 0.4661 0.6815 0.8450 0.8784 0.8529 0.8429 0.8351 0.7602 0.7412 0.9292 0.9186 0.8235 0.8612 0.8157 0.3630 0.4941 0.8210 0.8184 0.6867 0.8260 0.6815 0.6700 0.8058 0.7970 0.7754 0.7412 0.8630 0.8627 0.9047 0.8970 0.8801 0.7965 0.7817 0.8058 0.8784 0.7906 0.8529 0.4848 0.7216 0.7412 0.4661 0.6415 0.7957 0.9035 0.4457 0.8908 0.8565 0.8284 0.7965 0.8894 0.8006 0.7965 0.8612 0.8471 0.7843 0.8908 0.9010 0.8880 0.8514 0.7173 0.7810 0.7786 0.8471 0.8210 0.7936 0.8922 0.8210 0.7128 0.8666 0.7965 0.7786 0.7810 0.7965 0.8555 0.9102 0.6804 0.6804 0.6700 0.7602 0.6804 0.8630 0.7497 0.8702 0.7412 0.7412 0.9092 0.8922 0.8188 0.8307 0.8753 0.8647 0.8801 0.8647 0.8627
BRU_WESTERN_UNNAMEDINSOURCE  0.9459 0.9085 0.9085 0.7651 0.9072 0.9134 0.9122 0.8514 0.9309 0.8448 0.7843 0.3075 0.0000 0.9487 0.9476 0.8400 0.9023 0.8737 0.7455 0.8210 0.7875 0.7843 0.9085 0.8184 0.9035 0.8400 0.9098 0.8984 0.9453 0.9186 0.8448 0.7247 0.7452 0.9186 0.9578 0.8210 0.5131 0.7059 0.8865 0.8880 0.8922 0.8850 0.8593 0.7843 0.8029 0.9419 0.9453 0.8666 0.8865 0.8607 0.4744 0.5732 0.8818 0.8801 0.7741 0.8514 0.7497 0.7370 0.8834 0.8424 0.8000 0.8210 0.9186 0.9085 0.9459 0.9255 0.9085 0.8385 0.8407 0.8834 0.9035 0.8514 0.8922 0.5594 0.8029 0.8029 0.5673 0.7327 0.8471 0.9453 0.4941 0.9318 0.8948 0.8702 0.9035 0.9309 0.8362 0.8029 0.8865 0.8880 0.8471 0.9318 0.9440 0.9301 0.8784 0.7810 0.8448 0.8720 0.8880 0.8984 0.8184 0.9176 0.8471 0.7776 0.9433 0.8385 0.8720 0.8448 0.8210 0.8818 0.9487 0.7452 0.7452 0.7576 0.7843 0.7452 0.9035 0.7765 0.9446 0.8385 0.7651 0.9482 0.9326 0.9059 0.8720 0.9010 0.9047 0.9255 0.9098 0.9085
BUGAN                        0.9070 0.9156 0.9156 0.8960 0.9145 0.9341 0.9476 0.9081 0.9070 0.9047 0.9241 0.8814 0.9487 0.0000 0.8814 0.8865 0.9232 0.9112 0.8737 0.9102 0.8680 0.8664 0.9156 0.9232 0.9241 0.8865 0.9010 0.8784 0.9205 0.9241 0.9047 0.8814 0.8814 0.8960 0.8997 0.8960 0.9112 0.9059 0.8948 0.9507 0.8856 0.8935 0.9122 0.9376 0.8814 0.9459 0.9205 0.9070 0.9369 0.9186 0.8664 0.8737 0.8908 0.9047 0.9070 0.9224 0.9205 0.9081 0.9070 0.9186 0.9232 0.9102 0.9102 0.8997 0.9070 0.9156 0.9604 0.8664 0.8529 0.8450 0.9241 0.9081 0.9132 0.9241 0.8814 0.8664 0.8680 0.9070 0.8706 0.9205 0.9092 0.9081 0.9280 0.9092 0.8020 0.9070 0.8984 0.9241 0.9369 0.9241 0.8753 0.9081 0.9186 0.9059 0.9186 0.8647 0.9047 0.8664 0.9241 0.8908 0.9092 0.9092 0.9059 0.9081 0.9176 0.8510 0.9102 0.9047 0.9376 0.9348 0.9122 0.8814 0.8814 0.9081 0.9507 0.8814 0.9102 0.9318 0.9196 0.8960 0.8510 0.9638 0.8647 0.8984 0.9102 0.9081 0.8972 0.8997 0.9166 0.9156
BUMANG                       0.9752 0.8071 0.8262 0.8630 0.8235 0.9023 0.9010 0.8753 0.9752 0.9471 0.8935 0.8935 0.9476 0.8814 0.0000 0.8834 0.9355 0.9232 0.8865 0.9362 0.8647 0.8307 0.8262 0.9070 0.8471 0.8997 0.8100 0.9534 0.9751 0.9362 0.9176 0.8471 0.9081 0.9497 0.9741 0.9081 0.8948 0.9186 0.8284 0.9629 0.8212 0.9205 0.8814 0.9081 0.8471 0.9596 0.9615 0.9482 0.9492 0.9010 0.8784 0.8865 0.8720 0.9326 0.8894 0.8593 0.9035 0.9205 0.8574 0.9318 0.8284 0.9081 0.8935 0.8071 0.9752 0.8627 0.9134 0.9081 0.9232 0.9196 0.9497 0.9205 0.9382 0.9081 0.9224 0.9081 0.8799 0.8894 0.9069 0.9751 0.8922 0.9754 0.8413 0.8450 0.9081 0.9752 0.8963 0.9224 0.8450 0.8935 0.8720 0.9754 0.9747 0.9751 0.9747 0.8769 0.8865 0.8935 0.8307 0.9333 0.9070 0.9756 0.9476 0.8908 0.9459 0.8630 0.9362 0.9176 0.9497 0.9476 0.9635 0.8935 0.8630 0.9059 0.8935 0.8630 0.9497 0.9145 0.9612 0.8935 0.8630 0.9369 0.8450 0.8814 0.8138 0.9622 0.8948 0.8262 0.8288 0.8262
BUNOR                        0.9440 0.9045 0.9045 0.6153 0.9030 0.9265 0.9419 0.8970 0.9283 0.8926 0.7537 0.7938 0.8400 0.8865 0.8834 0.0000 0.8984 0.8684 0.7547 0.8834 0.5426 0.7327 0.9045 0.9301 0.9309 0.4235 0.9059 0.9092 0.9433 0.9309 0.9098 0.7327 0.7741 0.8997 0.9564 0.8834 0.8157 0.8400 0.8984 0.8997 0.8720 0.9134 0.9176 0.8997 0.8493 0.9045 0.9433 0.8956 0.8647 0.4000 0.8314 0.8748 0.8586 0.9265 0.7187 0.8970 0.7588 0.7872 0.8956 0.8542 0.8288 0.8666 0.9156 0.9045 0.9440 0.9224 0.9396 0.8666 0.8514 0.8956 0.9156 0.9134 0.8880 0.8314 0.7938 0.8129 0.8338 0.7628 0.8565 0.9433 0.8100 0.9292 0.9205 0.9145 0.8314 0.9283 0.9018 0.8834 0.9145 0.9309 0.1335 0.9292 0.9419 0.9274 0.9085 0.7497 0.4492 0.8834 0.9309 0.9274 0.8647 0.9301 0.8767 0.7872 0.9245 0.7741 0.8493 0.8565 0.8666 0.9274 0.9326 0.6882 0.6153 0.7872 0.8666 0.5619 0.9156 0.8495 0.9426 0.8834 0.7938 0.9166 0.8818 0.9176 0.8997 0.9596 0.8850 0.9045 0.9059 0.9045
CAR                          0.9186 0.8784 0.8784 0.8769 0.8767 0.8850 0.8666 0.8737 0.9186 0.8684 0.8922 0.8612 0.9023 0.9232 0.9355 0.8984 0.0000 0.8307 0.8850 0.8612 0.8784 0.8769 0.8956 0.9205 0.8922 0.8984 0.8627 0.9150 0.9176 0.8769 0.8514 0.8769 0.8769 0.9215 0.9283 0.8612 0.8630 0.9023 0.8429 0.8769 0.8960 0.9047 0.9092 0.9215 0.8284 0.8607 0.9326 0.9186 0.8429 0.9156 0.8612 0.8850 0.8535 0.8684 0.9035 0.8737 0.9023 0.9047 0.8880 0.7938 0.8908 0.8922 0.8769 0.8784 0.9186 0.9283 0.8784 0.8284 0.8935 0.8880 0.9355 0.8894 0.7298 0.8612 0.8922 0.8922 0.8630 0.9035 0.8930 0.9176 0.8753 0.9196 0.9122 0.8908 0.9215 0.9186 0.8692 0.8450 0.8593 0.9215 0.8865 0.9196 0.9156 0.9176 0.8666 0.8908 0.9010 0.8769 0.9070 0.8535 0.8753 0.9348 0.8865 0.9196 0.9301 0.8922 0.8450 0.7970 0.8284 0.8865 0.9502 0.8612 0.8769 0.8894 0.9070 0.8922 0.8769 0.8448 0.7970 0.8922 0.8769 0.9081 0.8908 0.8948 0.8612 0.9047 0.9081 0.8956 0.8801 0.8784
CEQ_WONG                     0.9487 0.8647 0.8471 0.7993 0.8448 0.7651 0.7614 0.8284 0.9348 0.8720 0.8647 0.8164 0.8737 0.9112 0.9232 0.8684 0.8307 0.0000 0.8555 0.8647 0.7848 0.8490 0.8647 0.8630 0.8329 0.8850 0.8314 0.9168 0.9482 0.7257 0.6353 0.8329 0.8647 0.8948 0.9301 0.8647 0.8510 0.8574 0.8307 0.6424 0.8393 0.8922 0.8680 0.8799 0.7450 0.7282 0.9047 0.8908 0.8138 0.8865 0.8647 0.8880 0.8058 0.7651 0.8593 0.8112 0.8737 0.8769 0.8429 0.8184 0.8138 0.8647 0.8329 0.8471 0.9487 0.8984 0.7705 0.8329 0.8664 0.8260 0.9232 0.8612 0.8235 0.8647 0.8948 0.8490 0.8664 0.8593 0.8557 0.9482 0.8471 0.9355 0.8433 0.8471 0.8647 0.9348 0.8848 0.8490 0.8784 0.8647 0.8574 0.9355 0.9471 0.9341 0.8702 0.7786 0.8720 0.8647 0.8647 0.7875 0.8630 0.9224 0.9047 0.8612 0.9166 0.8329 0.7636 0.7651 0.7059 0.8058 0.9382 0.7817 0.7993 0.8769 0.8490 0.7993 0.7993 0.7741 0.9035 0.8329 0.8329 0.7103 0.8138 0.8680 0.8329 0.8612 0.8664 0.8818 0.8493 0.8471
CHENG                        0.8984 0.8894 0.8710 0.5780 0.8690 0.8607 0.8767 0.8493 0.8818 0.8607 0.5232 0.6289 0.7455 0.8737 0.8865 0.7547 0.8850 0.8555 0.0000 0.8000 0.6588 0.6289 0.8710 0.7576 0.8865 0.7975 0.8729 0.8680 0.8970 0.8865 0.8235 0.4941 0.3294 0.9023 0.9072 0.8000 0.7035 0.7455 0.8514 0.9023 0.8593 0.8834 0.8737 0.7810 0.7810 0.9072 0.8970 0.8647 0.8850 0.7588 0.7202 0.7628 0.8627 0.8607 0.3953 0.8314 0.4512 0.3369 0.8647 0.8207 0.8338 0.7614 0.8702 0.8710 0.8984 0.8894 0.8894 0.8362 0.7843 0.8288 0.8702 0.7938 0.8908 0.7412 0.4639 0.7412 0.7247 0.2410 0.7987 0.8970 0.6935 0.8834 0.8471 0.8850 0.8535 0.8818 0.8038 0.8184 0.8850 0.8865 0.7667 0.8834 0.8941 0.8801 0.8767 0.6222 0.7628 0.8000 0.8865 0.8627 0.8157 0.8850 0.8448 0.3369 0.8748 0.6762 0.8000 0.7628 0.8000 0.8801 0.9047 0.7202 0.6289 0.3369 0.7412 0.6039 0.8362 0.7503 0.8956 0.7810 0.6762 0.9333 0.9010 0.8058 0.8535 0.9156 0.8880 0.8894 0.8729 0.8710
CHONG_H                      0.9341 0.9292 0.9134 0.8138 0.9122 0.8865 0.9010 0.8429 0.9341 0.8535 0.7965 0.7965 0.8210 0.9102 0.9362 0.8834 0.8612 0.8647 0.8000 0.0000 0.7993 0.8307 0.9134 0.8769 0.9081 0.8997 0.8818 0.9028 0.9333 0.8935 0.8362 0.8138 0.7786 0.8307 0.9446 0.3953 0.7817 0.8555 0.8450 0.8630 0.8828 0.8753 0.8960 0.8471 0.7786 0.8801 0.9476 0.9047 0.9215 0.9010 0.8138 0.8184 0.8720 0.8865 0.8058 0.8753 0.7843 0.8086 0.8894 0.8338 0.8922 0.8307 0.9081 0.9134 0.9341 0.8970 0.8801 0.8630 0.8490 0.8894 0.9081 0.8593 0.9112 0.8307 0.7965 0.8471 0.8164 0.8058 0.8540 0.9333 0.8284 0.9348 0.9132 0.8769 0.9081 0.9341 0.5473 0.5647 0.8922 0.9081 0.8880 0.9348 0.9318 0.9333 0.8684 0.8284 0.9023 0.8307 0.9081 0.8555 0.5034 0.9215 0.4744 0.8260 0.9309 0.8307 0.8138 0.8000 0.8471 0.8385 0.9376 0.8471 0.8307 0.7906 0.7965 0.8307 0.8935 0.8288 0.8865 0.8471 0.8138 0.8948 0.8922 0.8351 0.8784 0.8908 0.8799 0.9134 0.9145 0.9134
CHRAU                        0.9059 0.8288 0.8288 0.5211 0.8071 0.8555 0.8865 0.7936 0.8908 0.8385 0.6642 0.6854 0.7875 0.8680 0.8647 0.5426 0.8784 0.7848 0.6588 0.7993 0.0000 0.6642 0.8100 0.8471 0.8647 0.5967 0.8129 0.8631 0.9047 0.8647 0.8385 0.6424 0.6642 0.8647 0.9145 0.7993 0.7103 0.7491 0.8138 0.8647 0.8235 0.8612 0.8529 0.8329 0.7993 0.8984 0.8894 0.8429 0.8307 0.5511 0.7257 0.7843 0.8407 0.8385 0.6475 0.7936 0.6645 0.6966 0.8429 0.8000 0.7786 0.7450 0.8329 0.8100 0.9059 0.8647 0.9145 0.8164 0.7487 0.7529 0.8799 0.8284 0.8696 0.7257 0.7059 0.7059 0.7298 0.6700 0.7345 0.9047 0.7412 0.8922 0.8582 0.8471 0.7636 0.8908 0.8454 0.7817 0.8307 0.8647 0.5131 0.8922 0.9023 0.8894 0.8535 0.6365 0.5594 0.7636 0.8490 0.8407 0.7965 0.8935 0.8407 0.6753 0.8684 0.7059 0.7993 0.8029 0.8164 0.8737 0.9112 0.6197 0.5211 0.6966 0.7817 0.4941 0.8647 0.7938 0.8720 0.7636 0.7257 0.8960 0.8138 0.7877 0.7993 0.8922 0.8664 0.8288 0.7938 0.7906
CUA                          0.9196 0.8801 0.8627 0.5895 0.8607 0.8535 0.8684 0.8260 0.9196 0.9023 0.6588 0.7013 0.7843 0.8664 0.8307 0.7327 0.8769 0.8490 0.6289 0.8307 0.6642 0.0000 0.8627 0.8284 0.8935 0.7537 0.8647 0.9028 0.9186 0.8471 0.8535 0.5390 0.6588 0.8935 0.9134 0.8138 0.6854 0.7843 0.8284 0.8471 0.8212 0.8753 0.8960 0.8307 0.8138 0.8801 0.9186 0.8737 0.8612 0.7576 0.7013 0.7412 0.8555 0.8702 0.6176 0.8593 0.6353 0.6700 0.8737 0.8157 0.8112 0.7786 0.8630 0.8627 0.9196 0.8970 0.9134 0.8138 0.7636 0.7875 0.9081 0.8260 0.8529 0.7412 0.7013 0.7602 0.6854 0.6176 0.7802 0.9186 0.6966 0.9205 0.8995 0.8769 0.7965 0.9196 0.8296 0.8307 0.8922 0.8935 0.7247 0.9205 0.9166 0.9186 0.9166 0.6532 0.7412 0.7602 0.8784 0.8555 0.8450 0.9215 0.8555 0.6700 0.8834 0.6365 0.8307 0.8000 0.8138 0.8880 0.9241 0.7013 0.6134 0.6475 0.7965 0.6365 0.8935 0.7906 0.8865 0.8138 0.6134 0.8948 0.8922 0.8188 0.8630 0.9348 0.8799 0.8801 0.8647 0.8627
DAMANGNUO_WA                 0.9426 0.2259 0.2259 0.8448 0.1497 0.8118 0.8495 0.8008 0.9426 0.9072 0.8970 0.8627 0.9085 0.9156 0.8262 0.9045 0.8956 0.8647 0.8710 0.9134 0.8100 0.8627 0.0000 0.8040 0.7455 0.9045 0.3801 0.9215 0.9419 0.8448 0.8322 0.8448 0.8801 0.9446 0.9015 0.9134 0.8471 0.9085 0.6713 0.8970 0.8338 0.8941 0.8666 0.8801 0.7667 0.9015 0.9419 0.9426 0.8235 0.9059 0.8262 0.8322 0.7032 0.8710 0.8926 0.6127 0.8910 0.8941 0.8565 0.8294 0.7838 0.8262 0.8627 0.1198 0.9426 0.4447 0.8204 0.8801 0.8647 0.8565 0.9134 0.8767 0.8850 0.8801 0.8970 0.8448 0.8288 0.8926 0.8529 0.9419 0.8424 0.9433 0.7843 0.7187 0.8970 0.9426 0.9132 0.8627 0.6462 0.8627 0.8910 0.9433 0.9404 0.9419 0.9569 0.8607 0.8710 0.8071 0.7007 0.8729 0.8784 0.9283 0.9578 0.8767 0.9045 0.8627 0.8627 0.8118 0.9134 0.8542 0.9309 0.7872 0.8262 0.8941 0.8970 0.8448 0.8448 0.9030 0.8894 0.8801 0.8448 0.9301 0.7628 0.8314 0.4173 0.9274 0.7705 0.2259 0.1453 0.1198
DANAW                        0.9476 0.8235 0.8040 0.8284 0.8008 0.8684 0.8834 0.7686 0.9476 0.9010 0.8112 0.7754 0.8184 0.9232 0.9070 0.9301 0.9205 0.8630 0.7576 0.8769 0.8471 0.8284 0.8040 0.0000 0.8112 0.9301 0.8071 0.9406 0.9471 0.8450 0.7776 0.7754 0.7373 0.8922 0.9283 0.8284 0.7602 0.8535 0.7721 0.8922 0.8664 0.8574 0.8490 0.8450 0.8112 0.9283 0.9471 0.9333 0.8593 0.9156 0.7373 0.7970 0.8362 0.8850 0.7843 0.7686 0.8000 0.7491 0.8555 0.8834 0.8753 0.8112 0.8922 0.8040 0.9333 0.8424 0.8956 0.8922 0.8630 0.8210 0.9355 0.8737 0.9241 0.7754 0.8112 0.8284 0.7412 0.7452 0.8662 0.9471 0.8086 0.9482 0.7375 0.7906 0.9070 0.9476 0.8557 0.8769 0.8429 0.8450 0.9176 0.9482 0.9459 0.9471 0.9309 0.8260 0.9010 0.8769 0.7936 0.8702 0.8753 0.9205 0.9023 0.7686 0.9301 0.8450 0.8769 0.8514 0.8769 0.8865 0.9502 0.8284 0.8284 0.7686 0.8612 0.8112 0.8769 0.8627 0.9166 0.7754 0.8112 0.9497 0.8086 0.8490 0.7754 0.8737 0.8935 0.8040 0.8071 0.8040
DEANG_2                      0.9619 0.7455 0.7235 0.8784 0.7187 0.8702 0.8514 0.8260 0.9619 0.8865 0.8935 0.8630 0.9035 0.9241 0.8471 0.9309 0.8922 0.8329 0.8865 0.9081 0.8647 0.8935 0.7455 0.8112 0.0000 0.8997 0.7059 0.9287 0.9476 0.8630 0.8184 0.8471 0.8935 0.9629 0.9446 0.9081 0.8799 0.9035 0.7936 0.9081 0.8529 0.9205 0.8664 0.8630 0.7412 0.8801 0.9615 0.9482 0.8612 0.9318 0.8630 0.8702 0.7651 0.8702 0.8894 0.6918 0.9035 0.9059 0.8574 0.8850 0.8612 0.8784 0.8630 0.7235 0.9619 0.8071 0.8448 0.8471 0.8490 0.8235 0.9224 0.8593 0.8828 0.8784 0.9224 0.8630 0.8647 0.9047 0.8540 0.9615 0.8922 0.9622 0.5765 0.4457 0.9081 0.9619 0.9209 0.8784 0.7373 0.8471 0.9186 0.9622 0.9608 0.9615 0.9318 0.8612 0.9176 0.8784 0.5647 0.8720 0.8922 0.9492 0.9476 0.9059 0.9309 0.8784 0.8784 0.8535 0.8784 0.9186 0.9507 0.8630 0.8784 0.9059 0.8471 0.8630 0.8630 0.8984 0.9326 0.8307 0.8630 0.9502 0.7754 0.8814 0.6365 0.8753 0.8329 0.7872 0.7282 0.7235
GAR                          0.9440 0.9045 0.9045 0.6648 0.9030 0.9426 0.9419 0.9134 0.9283 0.8748 0.8129 0.7741 0.8400 0.8865 0.8997 0.4235 0.8984 0.8850 0.7975 0.8997 0.5967 0.7537 0.9045 0.9301 0.8997 0.0000 0.8877 0.9232 0.9433 0.9459 0.8926 0.7327 0.7938 0.9156 0.9396 0.8997 0.8157 0.8586 0.9145 0.9309 0.9035 0.9292 0.9023 0.8997 0.8666 0.9396 0.9587 0.8956 0.8471 0.3212 0.8129 0.8748 0.8586 0.9265 0.7838 0.8970 0.8008 0.8071 0.8784 0.8729 0.8288 0.8834 0.9309 0.9045 0.9440 0.9396 0.9564 0.8129 0.8338 0.8784 0.9309 0.9446 0.8880 0.8129 0.8129 0.8314 0.8338 0.8040 0.8413 0.9433 0.8288 0.9292 0.9059 0.8984 0.8493 0.9283 0.9150 0.8997 0.8984 0.9156 0.3907 0.9292 0.9419 0.9274 0.9085 0.8100 0.2080 0.8997 0.9156 0.9274 0.8984 0.9301 0.8941 0.8262 0.9072 0.8314 0.8834 0.8748 0.8666 0.9587 0.9326 0.7327 0.6882 0.8071 0.8666 0.6648 0.9459 0.8690 0.9098 0.8997 0.7938 0.9318 0.8818 0.9176 0.8997 0.9596 0.8850 0.9045 0.9059 0.9045
GUANSHUANG_WA                0.9587 0.3381 0.3801 0.8471 0.3205 0.8349 0.8322 0.8235 0.9587 0.8729 0.8984 0.8647 0.9098 0.9010 0.8100 0.9059 0.8627 0.8314 0.8729 0.8818 0.8129 0.8647 0.3801 0.8071 0.7059 0.8877 0.0000 0.9362 0.9583 0.8288 0.7941 0.8288 0.8818 0.9301 0.9388 0.8984 0.8666 0.9098 0.6771 0.8984 0.8184 0.8956 0.8850 0.8818 0.7059 0.8842 0.9583 0.9433 0.8262 0.9072 0.8288 0.8349 0.6588 0.8542 0.8941 0.5647 0.8926 0.8956 0.8767 0.8118 0.7872 0.8100 0.8647 0.2938 0.9587 0.5615 0.8445 0.8647 0.8314 0.8008 0.9301 0.8424 0.8702 0.8818 0.8984 0.8100 0.8314 0.8941 0.8073 0.9583 0.8448 0.9592 0.7875 0.6771 0.8984 0.9587 0.8869 0.8288 0.5732 0.8818 0.8926 0.9592 0.9574 0.9583 0.9412 0.8627 0.8729 0.8100 0.6828 0.8565 0.8448 0.9446 0.9426 0.8784 0.9404 0.8471 0.8288 0.7941 0.8818 0.8748 0.9608 0.8288 0.8471 0.8956 0.8818 0.8471 0.8288 0.8860 0.8729 0.8647 0.8288 0.9459 0.7007 0.8338 0.3594 0.8956 0.7938 0.4200 0.3548 0.3381
HO                           0.4765 0.9355 0.9355 0.8757 0.9348 0.9249 0.9241 0.9141 0.4765 0.7877 0.8894 0.8757 0.8984 0.8784 0.9534 0.9092 0.9150 0.9168 0.8680 0.9028 0.8631 0.9028 0.9215 0.9406 0.9287 0.9232 0.9362 0.0000 0.4392 0.9534 0.9382 0.8757 0.8757 0.8615 0.8284 0.9159 0.8906 0.8547 0.9150 0.9412 0.9545 0.8727 0.9176 0.9028 0.8894 0.9492 0.5201 0.6640 0.8882 0.9241 0.8894 0.8972 0.9388 0.9249 0.8856 0.9141 0.8842 0.8869 0.9132 0.9102 0.8742 0.9159 0.9159 0.9355 0.5028 0.9355 0.9215 0.8894 0.8771 0.9132 0.3356 0.8869 0.9059 0.8894 0.8615 0.8471 0.8771 0.8712 0.8406 0.4941 0.8882 0.4312 0.9321 0.9529 0.9159 0.4765 0.9041 0.8894 0.9280 0.9159 0.9122 0.4312 0.5031 0.4672 0.8188 0.8301 0.9112 0.8615 0.9534 0.9122 0.8452 0.4681 0.9257 0.8869 0.8164 0.8615 0.8894 0.9112 0.8894 0.9122 0.8062 0.8471 0.8757 0.8869 0.8894 0.8615 0.9287 0.8935 0.9512 0.8757 0.9159 0.9039 0.9650 0.9049 0.9287 0.9272 0.9538 0.9492 0.9362 0.9355
JABRI_SANTALI                0.1267 0.9578 0.9578 0.9035 0.9574 0.9134 0.9440 0.9010 0.1729 0.8262 0.9186 0.9035 0.9453 0.9205 0.9751 0.9433 0.9176 0.9482 0.8970 0.9333 0.9047 0.9186 0.9419 0.9471 0.9476 0.9433 0.9583 0.4392 0.0000 0.9615 0.9596 0.9035 0.9035 0.8880 0.7726 0.9333 0.9196 0.8818 0.9612 0.9476 0.9355 0.8684 0.9487 0.9476 0.9186 0.9419 0.2824 0.6882 0.8865 0.9440 0.9186 0.9134 0.9453 0.9446 0.9156 0.9465 0.9145 0.9166 0.9309 0.9283 0.9023 0.9186 0.8720 0.9578 0.1729 0.9578 0.9255 0.9186 0.9047 0.9156 0.3075 0.8850 0.9215 0.9186 0.9035 0.8880 0.9196 0.8997 0.9028 0.1040 0.9176 0.1482 0.9502 0.9749 0.9186 0.1729 0.8918 0.9035 0.9471 0.9333 0.9453 0.1482 0.1068 0.1520 0.8424 0.9023 0.9292 0.8880 0.9751 0.9145 0.8865 0.3652 0.9453 0.9010 0.7367 0.9476 0.9186 0.9292 0.9035 0.9145 0.7721 0.8720 0.9035 0.9166 0.9333 0.9186 0.9476 0.9098 0.9292 0.8720 0.9333 0.9047 0.9612 0.8908 0.9615 0.9318 0.9752 0.9419 0.9583 0.9578
JAHAI                        0.9619 0.8448 0.8262 0.8471 0.8235 0.7202 0.6222 0.8908 0.9619 0.9326 0.9081 0.8784 0.9186 0.9241 0.9362 0.9309 0.8769 0.7257 0.8865 0.8935 0.8647 0.8471 0.8448 0.8450 0.8630 0.9459 0.8288 0.9534 0.9615 0.0000 0.6529 0.8471 0.8935 0.9224 0.9134 0.9081 0.8647 0.9186 0.8112 0.7216 0.9112 0.9059 0.9376 0.9224 0.7965 0.7007 0.9186 0.9482 0.8922 0.9318 0.8630 0.8702 0.8385 0.6762 0.9047 0.8429 0.9035 0.8908 0.9341 0.7776 0.8922 0.8307 0.8784 0.8262 0.9482 0.8801 0.7235 0.8784 0.8647 0.8235 0.9497 0.8593 0.8828 0.9081 0.9224 0.8307 0.8490 0.9047 0.8677 0.9615 0.8922 0.9622 0.8413 0.8612 0.9081 0.9619 0.9327 0.8935 0.8450 0.9362 0.9186 0.9622 0.9608 0.9615 0.8850 0.8450 0.9176 0.8307 0.8630 0.7035 0.8922 0.9355 0.9333 0.9059 0.9309 0.8307 0.7412 0.7202 0.8471 0.7247 0.9507 0.8630 0.8307 0.9205 0.8935 0.8630 0.7013 0.8100 0.8865 0.8784 0.8307 0.7636 0.8922 0.8351 0.8307 0.9205 0.8948 0.8627 0.8288 0.8262
JAH_HUT                      0.9600 0.8322 0.8118 0.8362 0.8086 0.7838 0.7137 0.8493 0.9453 0.8784 0.8702 0.8000 0.8448 0.9047 0.9176 0.9098 0.8514 0.6353 0.8235 0.8362 0.8385 0.8535 0.8322 0.7776 0.8184 0.8926 0.7941 0.9382 0.9596 0.6529 0.0000 0.8184 0.8184 0.9176 0.9412 0.8702 0.8210 0.8970 0.7970 0.8000 0.8593 0.8834 0.8574 0.8702 0.7202 0.7686 0.9596 0.9301 0.8850 0.9274 0.8362 0.8424 0.7872 0.6201 0.8471 0.7741 0.8627 0.8129 0.8100 0.7588 0.8684 0.8362 0.8535 0.8118 0.9600 0.8519 0.7906 0.8184 0.8880 0.8647 0.9326 0.8493 0.8753 0.8535 0.8702 0.8535 0.8385 0.8471 0.8882 0.9596 0.8338 0.9459 0.8138 0.8157 0.8535 0.9453 0.8771 0.8535 0.8338 0.8535 0.8970 0.9459 0.9587 0.9446 0.9110 0.8157 0.8956 0.8362 0.8184 0.6526 0.8514 0.9318 0.9134 0.8493 0.9426 0.8535 0.6529 0.6954 0.8000 0.7455 0.9619 0.8362 0.8184 0.8314 0.8362 0.8000 0.6529 0.7941 0.8956 0.8535 0.8000 0.8029 0.8157 0.8407 0.8000 0.8666 0.8555 0.8322 0.8149 0.8118
JEH_2                        0.9196 0.8448 0.8448 0.5124 0.8424 0.8362 0.8514 0.8260 0.9047 0.8865 0.5895 0.5895 0.7247 0.8814 0.8471 0.7327 0.8769 0.8329 0.4941 0.8138 0.6424 0.5390 0.8448 0.7754 0.8471 0.7327 0.8288 0.8757 0.9035 0.8471 0.8184 0.0000 0.4848 0.8935 0.9134 0.7965 0.6642 0.7843 0.8284 0.8784 0.8212 0.8593 0.8664 0.7602 0.7013 0.9134 0.9333 0.8574 0.8612 0.7370 0.7013 0.7614 0.8029 0.8184 0.5407 0.8260 0.5321 0.4651 0.8407 0.7970 0.7754 0.7786 0.8630 0.8262 0.9196 0.8801 0.8627 0.8307 0.7450 0.7491 0.8784 0.8260 0.8680 0.7013 0.6134 0.7013 0.6854 0.4844 0.7642 0.9186 0.6532 0.9059 0.8413 0.8450 0.8138 0.9047 0.8006 0.8138 0.8450 0.8784 0.7247 0.9059 0.9166 0.9035 0.8850 0.5570 0.7202 0.7786 0.8471 0.8385 0.7936 0.9070 0.8385 0.5750 0.8834 0.6134 0.7965 0.7614 0.7786 0.8555 0.9241 0.6804 0.6134 0.5221 0.6804 0.6134 0.8784 0.7497 0.8865 0.7786 0.5895 0.9092 0.8769 0.7848 0.7965 0.9059 0.8647 0.8627 0.8471 0.8448
JRU                          0.9047 0.8970 0.8801 0.5895 0.8784 0.8535 0.8850 0.8429 0.8894 0.8535 0.4561 0.6365 0.7452 0.8814 0.9081 0.7741 0.8769 0.8647 0.3294 0.7786 0.6642 0.6588 0.8801 0.7373 0.8935 0.7938 0.8818 0.8757 0.9035 0.8935 0.8184 0.4848 0.0000 0.8630 0.9134 0.7602 0.6854 0.7452 0.8612 0.9081 0.8680 0.8593 0.8664 0.7412 0.7602 0.9292 0.9186 0.8574 0.8769 0.7776 0.6804 0.7202 0.8720 0.8362 0.3574 0.8260 0.3437 0.2635 0.8574 0.8157 0.8284 0.7965 0.8935 0.8801 0.9047 0.8970 0.8801 0.8138 0.7636 0.8235 0.8784 0.8086 0.8828 0.7013 0.2944 0.7216 0.6854 0.2855 0.7802 0.9035 0.7173 0.8908 0.8712 0.8769 0.8630 0.8894 0.7542 0.7786 0.8769 0.8935 0.7843 0.8908 0.9010 0.8880 0.8514 0.6753 0.7810 0.8138 0.8935 0.8385 0.7754 0.8922 0.8029 0.3364 0.8834 0.7216 0.7965 0.7614 0.7965 0.8720 0.9102 0.7216 0.6134 0.2246 0.7013 0.5895 0.8471 0.7497 0.8865 0.7786 0.6804 0.9369 0.9070 0.8188 0.8471 0.9059 0.8948 0.8970 0.8818 0.8801
JUANG                        0.8894 0.9596 0.9446 0.8935 0.9440 0.9326 0.9318 0.9348 0.8894 0.8362 0.8784 0.8784 0.9186 0.8960 0.9497 0.8997 0.9215 0.8948 0.9023 0.8307 0.8647 0.8935 0.9446 0.8922 0.9629 0.9156 0.9301 0.8615 0.8880 0.9224 0.9176 0.8935 0.8630 0.0000 0.8801 0.7786 0.8799 0.8880 0.9215 0.9081 0.9512 0.8260 0.9376 0.9362 0.9081 0.9292 0.8720 0.8407 0.9355 0.9166 0.8784 0.8865 0.9186 0.9176 0.8894 0.9487 0.8720 0.8908 0.9196 0.9166 0.9215 0.9081 0.8935 0.9446 0.8737 0.9446 0.9134 0.9224 0.9092 0.8894 0.8784 0.9348 0.9249 0.9081 0.8630 0.9081 0.8799 0.8894 0.8941 0.8880 0.8922 0.8908 0.9521 0.9355 0.8784 0.8894 0.8153 0.8471 0.9355 0.9497 0.9035 0.8908 0.8850 0.8880 0.7776 0.8612 0.9176 0.8935 0.9497 0.9035 0.8284 0.8612 0.8029 0.8908 0.8666 0.8630 0.9081 0.8865 0.8784 0.9035 0.8351 0.8935 0.9081 0.8908 0.8935 0.8784 0.9362 0.8647 0.9023 0.9224 0.8784 0.9369 0.9355 0.9102 0.9497 0.9205 0.9232 0.9446 0.9453 0.9446
JURAY                        0.7975 0.9553 0.9201 0.9292 0.9371 0.9072 0.9404 0.9274 0.7975 0.8710 0.9292 0.8970 0.9578 0.8997 0.9741 0.9564 0.9283 0.9301 0.9072 0.9446 0.9145 0.9134 0.9015 0.9283 0.9446 0.9396 0.9388 0.8284 0.7726 0.9134 0.9412 0.9134 0.9134 0.8801 0.0000 0.9292 0.8984 0.9085 0.9440 0.9292 0.9608 0.8008 0.9156 0.9446 0.8970 0.9380 0.7726 0.8748 0.8956 0.9569 0.8970 0.9072 0.9255 0.9245 0.9265 0.9274 0.9255 0.9274 0.9265 0.9404 0.9122 0.9134 0.8970 0.9201 0.7975 0.9553 0.9201 0.9134 0.8984 0.8926 0.7872 0.8767 0.9166 0.8970 0.9134 0.9134 0.8984 0.9098 0.8972 0.7941 0.9122 0.7802 0.9476 0.9440 0.9134 0.7975 0.9394 0.9134 0.9440 0.9292 0.9419 0.7802 0.7869 0.7941 0.8495 0.9283 0.9245 0.8970 0.9446 0.9085 0.9283 0.7838 0.9419 0.9110 0.5390 0.9292 0.9292 0.9245 0.9292 0.9255 0.5619 0.8801 0.9134 0.9274 0.9446 0.9292 0.9446 0.9212 0.9072 0.9134 0.9134 0.9145 0.9592 0.8997 0.9446 0.9274 0.9743 0.9380 0.9212 0.9201
KASONG                       0.9341 0.9292 0.9134 0.8138 0.9122 0.8865 0.9166 0.8086 0.9341 0.8702 0.7786 0.7965 0.8210 0.8960 0.9081 0.8834 0.8612 0.8647 0.8000 0.3953 0.7993 0.8138 0.9134 0.8284 0.9081 0.8997 0.8984 0.9159 0.9333 0.9081 0.8702 0.7965 0.7602 0.7786 0.9292 0.0000 0.7817 0.8555 0.8922 0.8630 0.8529 0.8593 0.8814 0.8138 0.7786 0.8970 0.9333 0.8894 0.9070 0.9010 0.7965 0.8000 0.8720 0.8865 0.7875 0.9059 0.7843 0.7906 0.8894 0.8514 0.8284 0.8784 0.8935 0.9134 0.9196 0.8970 0.8627 0.8471 0.8164 0.8235 0.9081 0.8753 0.9112 0.8307 0.7965 0.8471 0.7993 0.7875 0.8256 0.9333 0.8284 0.9348 0.8995 0.8769 0.8935 0.9341 0.4020 0.5124 0.9070 0.8935 0.8880 0.9348 0.9166 0.9333 0.8684 0.8284 0.9023 0.8630 0.9081 0.8720 0.4151 0.9070 0.4437 0.7721 0.9309 0.8307 0.8471 0.8000 0.8471 0.8555 0.9376 0.8138 0.8307 0.7906 0.7786 0.8138 0.8935 0.8100 0.8865 0.8307 0.8138 0.9092 0.8922 0.8664 0.9081 0.8753 0.8799 0.9134 0.9145 0.9134
KATU                         0.9205 0.8647 0.8471 0.7059 0.8448 0.8720 0.9023 0.7754 0.9059 0.8385 0.7059 0.4661 0.5131 0.9112 0.8948 0.8157 0.8630 0.8510 0.7035 0.7817 0.7103 0.6854 0.8471 0.7602 0.8799 0.8157 0.8666 0.8906 0.9196 0.8647 0.8210 0.6642 0.6854 0.8799 0.8984 0.7817 0.0000 0.5407 0.8471 0.8647 0.8547 0.8450 0.8212 0.7257 0.7450 0.9301 0.9196 0.8429 0.8784 0.8362 0.5211 0.6353 0.8737 0.8555 0.6918 0.8112 0.6645 0.6753 0.8260 0.8184 0.7965 0.7257 0.8647 0.8471 0.9059 0.8818 0.8984 0.8164 0.8020 0.8086 0.8948 0.7936 0.8547 0.4069 0.7450 0.7450 0.5548 0.6700 0.7829 0.9196 0.4263 0.9070 0.8582 0.8630 0.8164 0.9059 0.8029 0.7817 0.8630 0.8490 0.8058 0.9070 0.9176 0.9047 0.8535 0.7216 0.8029 0.7636 0.8647 0.8737 0.7965 0.8935 0.8235 0.7173 0.8850 0.7993 0.8329 0.8210 0.8164 0.8737 0.9249 0.7059 0.7059 0.6753 0.7817 0.7059 0.8948 0.7741 0.8880 0.7636 0.7636 0.9241 0.8935 0.8212 0.8164 0.8922 0.9102 0.8818 0.8493 0.8471
KATU_EASTERN                 0.8834 0.9085 0.9085 0.7843 0.9072 0.9134 0.9122 0.8850 0.8666 0.8262 0.7651 0.6815 0.7059 0.9059 0.9186 0.8400 0.9023 0.8574 0.7455 0.8555 0.7491 0.7843 0.9085 0.8535 0.9035 0.8586 0.9098 0.8547 0.8818 0.9186 0.8970 0.7843 0.7452 0.8880 0.9085 0.8555 0.5407 0.0000 0.8865 0.8880 0.8769 0.8684 0.8908 0.8029 0.8210 0.9255 0.8647 0.8493 0.9023 0.8607 0.7247 0.7872 0.9145 0.9134 0.7537 0.8684 0.7282 0.7576 0.8997 0.8956 0.8535 0.8210 0.8720 0.9085 0.8666 0.9255 0.9419 0.8210 0.8058 0.7938 0.8720 0.8157 0.8922 0.6588 0.7651 0.7843 0.7082 0.7327 0.7686 0.8818 0.6529 0.8684 0.9092 0.9176 0.8720 0.8666 0.8506 0.8555 0.9023 0.9035 0.8471 0.8684 0.8784 0.8647 0.8040 0.7614 0.8627 0.8029 0.9333 0.9145 0.8535 0.8702 0.8818 0.7776 0.8941 0.8210 0.8880 0.8970 0.8555 0.9453 0.9205 0.7452 0.7843 0.7776 0.8029 0.7651 0.9186 0.8375 0.9292 0.8210 0.8210 0.9196 0.9023 0.8753 0.8720 0.9166 0.9341 0.9419 0.9098 0.9085
KEMIE                        0.9615 0.7187 0.6954 0.8612 0.6899 0.8338 0.8493 0.8058 0.9615 0.9010 0.8769 0.8450 0.8865 0.8948 0.8284 0.8984 0.8429 0.8307 0.8514 0.8450 0.8138 0.8284 0.6713 0.7721 0.7936 0.9145 0.6771 0.9150 0.9612 0.8112 0.7970 0.8284 0.8612 0.9215 0.9440 0.8922 0.8471 0.8865 0.0000 0.8612 0.8814 0.8574 0.8647 0.8769 0.8112 0.8784 0.9326 0.9476 0.8753 0.8997 0.8112 0.8338 0.7412 0.8684 0.8720 0.6867 0.8865 0.8737 0.8385 0.8493 0.8429 0.8284 0.8450 0.6954 0.9615 0.6713 0.8607 0.8922 0.8630 0.8385 0.9355 0.8737 0.8664 0.8612 0.9070 0.7936 0.7965 0.8720 0.8235 0.9612 0.8429 0.9619 0.7906 0.7721 0.8612 0.9615 0.8692 0.8922 0.7332 0.8612 0.8865 0.9619 0.9604 0.9612 0.9309 0.8429 0.8684 0.8112 0.7373 0.8535 0.8593 0.9487 0.9176 0.8894 0.9453 0.8112 0.8450 0.8157 0.8922 0.8184 0.9632 0.8284 0.7936 0.8894 0.8769 0.8284 0.8769 0.8627 0.9166 0.8450 0.8112 0.9081 0.7529 0.8490 0.6532 0.9196 0.7965 0.6713 0.7007 0.6954
KENSIW                       0.9482 0.9134 0.8970 0.8630 0.8956 0.7412 0.6706 0.8908 0.9482 0.9326 0.8935 0.8784 0.8880 0.9507 0.9629 0.8997 0.8769 0.6424 0.9023 0.8630 0.8647 0.8471 0.8970 0.8922 0.9081 0.9309 0.8984 0.9412 0.9476 0.7216 0.8000 0.8784 0.9081 0.9081 0.9292 0.8630 0.8647 0.8880 0.8612 0.0000 0.9249 0.8753 0.9376 0.9081 0.8471 0.4512 0.9035 0.9196 0.8450 0.9166 0.8935 0.9023 0.8720 0.8702 0.8894 0.9059 0.9035 0.9059 0.9341 0.8338 0.8922 0.8784 0.8935 0.8970 0.9341 0.8970 0.7007 0.8935 0.8647 0.8574 0.9362 0.9205 0.8828 0.8935 0.9081 0.8630 0.8799 0.8894 0.8677 0.9476 0.8612 0.9487 0.8995 0.9070 0.9224 0.9482 0.8963 0.8784 0.9355 0.9362 0.9035 0.9487 0.9465 0.9476 0.9166 0.8284 0.9176 0.8935 0.9224 0.8385 0.8769 0.9215 0.9333 0.8908 0.9459 0.8307 0.8471 0.7810 0.8471 0.8210 0.9507 0.8471 0.8471 0.9205 0.9081 0.8935 0.8471 0.8471 0.9326 0.9081 0.8471 0.6424 0.9070 0.9102 0.9081 0.9348 0.9092 0.9134 0.8984 0.8970
KHANG                        0.9362 0.8157 0.8514 0.8373 0.8314 0.8908 0.9047 0.7257 0.9362 0.9487 0.8680 0.8529 0.8922 0.8856 0.8212 0.8720 0.8960 0.8393 0.8593 0.8828 0.8235 0.8212 0.8338 0.8664 0.8529 0.9035 0.8184 0.9545 0.9355 0.9112 0.8593 0.8212 0.8680 0.9512 0.9608 0.8529 0.8547 0.8769 0.8814 0.9249 0.0000 0.9232 0.8995 0.8972 0.7702 0.9318 0.9355 0.9497 0.8510 0.9047 0.8680 0.8753 0.8450 0.9059 0.8630 0.8647 0.8450 0.8799 0.9081 0.9047 0.8510 0.8529 0.8680 0.8157 0.9362 0.8850 0.9010 0.8529 0.8696 0.8471 0.9512 0.8799 0.8727 0.8828 0.8972 0.8680 0.8696 0.8784 0.8720 0.9355 0.8664 0.9369 0.8322 0.8664 0.8828 0.9362 0.8618 0.8828 0.8351 0.8972 0.8612 0.9369 0.9196 0.9355 0.9619 0.8351 0.9059 0.8529 0.8680 0.9070 0.8664 0.9635 0.9070 0.8799 0.9476 0.8680 0.9249 0.8908 0.8972 0.9355 0.9765 0.8212 0.8047 0.8948 0.8972 0.8373 0.9249 0.8702 0.9205 0.8212 0.8529 0.9257 0.7670 0.8712 0.8373 0.9092 0.8696 0.8157 0.8362 0.8338
KHARIA                       0.8702 0.9110 0.8941 0.8753 0.9098 0.9156 0.9301 0.8880 0.8865 0.8314 0.8593 0.8429 0.8850 0.8935 0.9205 0.9134 0.9047 0.8922 0.8834 0.8753 0.8612 0.8753 0.8941 0.8574 0.9205 0.9292 0.8956 0.8727 0.8684 0.9059 0.8834 0.8593 0.8593 0.8260 0.8008 0.8593 0.8450 0.8684 0.8574 0.8753 0.9232 0.0000 0.8935 0.9059 0.8260 0.9274 0.8514 0.8865 0.8737 0.9301 0.8429 0.8493 0.8514 0.8834 0.8702 0.9035 0.8684 0.8880 0.8702 0.8818 0.8737 0.8908 0.8908 0.8941 0.8702 0.8941 0.8941 0.8753 0.8769 0.8702 0.8593 0.8880 0.8948 0.8753 0.8593 0.8593 0.8450 0.8702 0.8647 0.8684 0.8737 0.8880 0.9112 0.8894 0.8908 0.8865 0.8811 0.8753 0.9341 0.8908 0.9166 0.8880 0.8647 0.8850 0.8471 0.8737 0.9156 0.8593 0.8908 0.8684 0.8737 0.8407 0.9166 0.8880 0.8627 0.8908 0.9059 0.8834 0.8593 0.8684 0.8630 0.8593 0.8753 0.8880 0.8908 0.8753 0.9059 0.8607 0.9604 0.8753 0.8593 0.9492 0.9196 0.9081 0.9059 0.9035 0.9070 0.8767 0.9122 0.9110
