 11
AWJI      0.0000 0.9568 0.9286 0.9733 0.9553 0.9726 0.9726 0.9278 0.8983 0.9240 0.9418
DAONDA    0.9568 0.0000 0.8027 0.9589 0.8828 0.9572 0.9096 0.9418 0.9278 0.8676 0.8336
IMONDA    0.9286 0.8027 0.0000 0.9181 0.8529 0.9141 0.8652 0.8820 0.9162 0.7789 0.7224
KILMERI   0.9733 0.9589 0.9181 0.0000 0.9576 0.8372 0.9021 0.9600 0.9607 0.9585 0.9593
MANEM     0.9553 0.8828 0.8529 0.9576 0.0000 0.9230 0.9230 0.8880 0.8734 0.8810 0.8457
NINGERA   0.9726 0.9572 0.9141 0.8372 0.9230 0.0000 0.9286 0.9286 0.9303 0.9250 0.9425
PAGI      0.9726 0.9096 0.8652 0.9021 0.9230 0.9286 0.0000 0.9286 0.9450 0.9084 0.9108
SENGI     0.9278 0.9418 0.8820 0.9600 0.8880 0.9286 0.9286 0.0000 0.9303 0.8912 0.8942
TAIKAT_2  0.8983 0.9278 0.9162 0.9607 0.8734 0.9303 0.9450 0.9303 0.0000 0.9108 0.9130
WAINA     0.9240 0.8676 0.7789 0.9585 0.8810 0.9250 0.9084 0.8912 0.9108 0.0000 0.7893
WARIS     0.9418 0.8336 0.7224 0.9593 0.8457 0.9425 0.9108 0.8942 0.9130 0.7893 0.0000
