 49
AGI                  0.0000 0.2248 0.6822 0.7042 0.8969 0.8843 0.8851 0.2858 0.7622 0.8137 0.9186 0.9215 0.9068 0.9480 0.9372 0.9462 0.9450 0.9421 0.9266 0.6973 0.1649 0.5799 0.9258 0.2473 0.8638 0.4756 0.5129 0.5901 0.5496 0.6295 0.5653 0.8865 0.9355 0.8808 0.9358 0.2858 0.9250 0.9350 0.9606 0.4551 0.9416 0.5431 0.4293 0.6652 0.4756 0.9618 0.7340 0.1884 0.8729
ANDRI                0.2248 0.0000 0.6595 0.6822 0.8969 0.8843 0.8705 0.2858 0.7818 0.8322 0.9186 0.9358 0.9215 0.9480 0.9372 0.9311 0.9450 0.9421 0.9398 0.6760 0.2858 0.5554 0.9258 0.2858 0.8793 0.4756 0.5901 0.5653 0.6006 0.6536 0.6595 0.8721 0.9355 0.8656 0.9358 0.3578 0.9250 0.9205 0.9606 0.4849 0.9416 0.5144 0.4293 0.7090 0.5576 0.9618 0.7537 0.3789 0.8889
ARINGA_2             0.6822 0.6595 0.0000 0.5431 0.9233 0.9456 0.9385 0.7210 0.9007 0.8636 0.9469 0.9343 0.9343 0.9755 0.9497 0.9450 0.9436 0.9657 0.9385 0.5413 0.7210 0.5396 0.9379 0.7210 0.9068 0.6421 0.6481 0.4655 0.7042 0.6655 0.6248 0.9392 0.9680 0.9502 0.9486 0.7419 0.9372 0.9335 0.9747 0.6993 0.9531 0.5819 0.6430 0.4946 0.6874 0.9610 0.5862 0.6942 0.9176
AVOKAYA_2            0.7042 0.6822 0.5431 0.0000 0.9233 0.8810 0.9517 0.6993 0.9007 0.8271 0.9319 0.9343 0.9196 0.9614 0.9358 0.9450 0.9107 0.9410 0.9250 0.3916 0.7419 0.5653 0.9379 0.7419 0.9068 0.5935 0.6707 0.6006 0.7460 0.7116 0.6707 0.9258 0.9570 0.9365 0.9343 0.7210 0.9233 0.9335 0.9597 0.7210 0.9531 0.6346 0.6430 0.5237 0.7090 0.9610 0.6115 0.7164 0.9176
BAGIRMI              0.8969 0.8969 0.9233 0.9233 0.0000 0.7298 0.8903 0.8957 0.8931 0.6874 0.5576 0.8360 0.6265 0.7180 0.5701 0.6595 0.6229 0.7145 0.5514 0.9258 0.8957 0.9151 0.6124 0.8957 0.9651 0.8981 0.9132 0.9132 0.9250 0.9365 0.9266 0.9177 0.9377 0.9404 0.5799 0.8957 0.7803 0.8001 0.6045 0.8808 0.8094 0.8917 0.8891 0.8957 0.9258 0.8917 0.9111 0.8944 0.8479
BAKA_SUDAN           0.8843 0.8843 0.9456 0.8810 0.7298 0.0000 0.9224 0.8479 0.8793 0.5771 0.7846 0.8675 0.8501 0.8244 0.7818 0.8157 0.8504 0.7885 0.8121 0.9020 0.8656 0.9056 0.8438 0.8656 0.9480 0.8523 0.8711 0.9186 0.8843 0.8965 0.8711 0.9090 0.9559 0.9196 0.7749 0.8479 0.6874 0.7289 0.8126 0.8656 0.7678 0.9120 0.9068 0.8993 0.8859 0.8776 0.9165 0.8810 0.7880
BALESE               0.8851 0.8705 0.9385 0.9517 0.8903 0.9224 0.0000 0.8837 0.8808 0.8931 0.9379 0.9398 0.9266 0.9512 0.9410 0.8917 0.9343 0.9453 0.9311 0.9274 0.8981 0.8903 0.9177 0.8981 0.9016 0.9141 0.9016 0.9016 0.8993 0.9242 0.9151 0.5496 0.9493 0.6939 0.9398 0.8981 0.9169 0.8981 0.9205 0.8837 0.9330 0.8944 0.9048 0.9258 0.9005 0.9372 0.9398 0.8823 0.9111
BALIMBA              0.2858 0.2858 0.7210 0.6993 0.8957 0.8479 0.8837 0.0000 0.7784 0.8109 0.9176 0.9056 0.9056 0.9474 0.9365 0.9302 0.9284 0.9289 0.9392 0.7136 0.2301 0.5970 0.9250 0.2301 0.8621 0.5226 0.5313 0.5829 0.5136 0.5973 0.6074 0.8556 0.9349 0.8638 0.9350 0.2301 0.9101 0.9196 0.9602 0.5043 0.9535 0.5625 0.5036 0.6595 0.4946 0.9469 0.7298 0.3656 0.8874
BIRRI_C_AFRICAN_REP  0.7622 0.7818 0.9007 0.9007 0.8931 0.8793 0.8808 0.7784 0.0000 0.8616 0.8993 0.9032 0.9186 0.9154 0.9056 0.9120 0.9264 0.9274 0.9101 0.9045 0.7164 0.8292 0.9090 0.7377 0.9350 0.8394 0.7883 0.8244 0.7818 0.8297 0.8244 0.8823 0.9453 0.8917 0.9032 0.7377 0.9079 0.9176 0.9436 0.7978 0.9266 0.8271 0.8147 0.8859 0.7659 0.9302 0.9186 0.7946 0.8322
BONGO                0.8137 0.8322 0.8636 0.8271 0.6874 0.5771 0.8931 0.8109 0.8616 0.0000 0.7419 0.8501 0.8501 0.8244 0.7622 0.7949 0.8504 0.8221 0.7944 0.8523 0.8297 0.8416 0.7728 0.8297 0.9032 0.8347 0.8192 0.8543 0.8322 0.8616 0.8008 0.9090 0.9443 0.9045 0.7749 0.8297 0.7499 0.7505 0.8126 0.8479 0.8029 0.8216 0.8438 0.8297 0.8347 0.8950 0.8675 0.8079 0.7675
DAGBA                0.9186 0.9186 0.9469 0.9319 0.5576 0.7846 0.9379 0.9176 0.8993 0.7419 0.0000 0.8711 0.6536 0.6346 0.5136 0.7596 0.6789 0.7045 0.6430 0.9196 0.9176 0.9224 0.7419 0.9176 0.9491 0.9196 0.9205 0.9350 0.9335 0.9462 0.9205 0.9385 0.9677 0.9497 0.5517 0.9176 0.8121 0.8165 0.7328 0.9020 0.8244 0.9143 0.9090 0.9176 0.9343 0.9143 0.9186 0.9165 0.8501
FORMONA              0.9215 0.9358 0.9343 0.9343 0.8360 0.8675 0.9398 0.9056 0.9032 0.8501 0.8711 0.0000 0.8762 0.8874 0.8638 0.8479 0.8244 0.8479 0.8705 0.9365 0.9205 0.9385 0.8381 0.9350 0.9767 0.9365 0.9233 0.9372 0.9358 0.9335 0.9372 0.9274 0.9577 0.9892 0.8602 0.9350 0.8969 0.9056 0.8456 0.9350 0.9160 0.9327 0.9258 0.9350 0.9365 0.7584 0.9358 0.9196 0.8564
FURU                 0.9068 0.9215 0.9343 0.9196 0.6265 0.8501 0.9266 0.9056 0.9186 0.8501 0.6536 0.8762 0.0000 0.7419 0.6371 0.7505 0.6207 0.7168 0.7001 0.9079 0.9056 0.9111 0.7530 0.9205 0.9639 0.9079 0.9090 0.9233 0.9497 0.9621 0.9233 0.9141 0.9467 0.9379 0.6925 0.9205 0.8519 0.8583 0.7015 0.9056 0.8608 0.9020 0.8981 0.9205 0.9365 0.8859 0.8917 0.9045 0.8564
GOR                  0.9480 0.9480 0.9755 0.9614 0.7180 0.8244 0.9512 0.9474 0.9154 0.8244 0.6346 0.8874 0.7419 0.0000 0.5935 0.7145 0.7279 0.7419 0.6649 0.9625 0.9474 0.9502 0.8147 0.9474 0.9629 0.9486 0.9491 0.9629 0.9621 0.9753 0.9491 0.9517 0.9453 0.9632 0.5517 0.9474 0.7944 0.7978 0.7328 0.9474 0.8244 0.9456 0.9372 0.9327 0.9625 0.8979 0.9621 0.9469 0.8322
GULAY_2              0.9372 0.9372 0.9497 0.9358 0.5701 0.7818 0.9410 0.9365 0.9056 0.7622 0.5136 0.8638 0.6371 0.5935 0.0000 0.7164 0.6835 0.6882 0.4859 0.9242 0.9365 0.9398 0.7419 0.9365 0.9645 0.9379 0.9385 0.9517 0.9507 0.9629 0.9385 0.9416 0.9366 0.9648 0.2581 0.9365 0.8081 0.8292 0.6889 0.9224 0.8200 0.9343 0.9274 0.9224 0.9512 0.9045 0.9233 0.9358 0.8602
GULA_CAR             0.9462 0.9311 0.9450 0.9450 0.6595 0.8157 0.8917 0.9302 0.9120 0.7949 0.7596 0.8479 0.7505 0.7145 0.7164 0.0000 0.7610 0.8029 0.6925 0.9319 0.9456 0.9196 0.7090 0.9456 0.9618 0.9469 0.9176 0.9327 0.9462 0.9443 0.9474 0.9079 0.9317 0.9480 0.7066 0.9456 0.8218 0.8079 0.4831 0.9302 0.8338 0.9274 0.9350 0.9143 0.9319 0.8757 0.9311 0.9450 0.8616
GULA_SARA            0.9450 0.9450 0.9436 0.9107 0.6229 0.8504 0.9343 0.9284 0.9264 0.8504 0.6789 0.8244 0.6207 0.7279 0.6835 0.7610 0.0000 0.7020 0.7042 0.9143 0.9443 0.9176 0.7419 0.9443 0.9610 0.9143 0.9154 0.9311 0.9602 0.9588 0.9311 0.9205 0.9547 0.9319 0.6961 0.9284 0.8165 0.8595 0.7066 0.9120 0.8621 0.9254 0.9480 0.9120 0.9456 0.8719 0.9132 0.9436 0.8573
KABA_DEME_SARA       0.9421 0.9421 0.9657 0.9410 0.7145 0.7885 0.9453 0.9289 0.9274 0.8221 0.7045 0.8479 0.7168 0.7419 0.6882 0.8029 0.7020 0.0000 0.7550 0.9427 0.9289 0.9443 0.7837 0.9289 0.9186 0.9304 0.9186 0.9551 0.9421 0.9531 0.9311 0.9458 0.9607 0.9438 0.6983 0.9289 0.7650 0.7832 0.7644 0.9289 0.7938 0.9398 0.9210 0.9539 0.9304 0.8993 0.9543 0.9410 0.8878
KABBA                0.9266 0.9398 0.9385 0.9250 0.5514 0.8121 0.9311 0.9392 0.9101 0.7944 0.6430 0.8705 0.7001 0.6649 0.4859 0.6925 0.7042 0.7550 0.0000 0.9274 0.9392 0.9297 0.7207 0.9392 0.9657 0.9274 0.9282 0.9410 0.9526 0.9642 0.9282 0.9438 0.9493 0.9660 0.4946 0.9392 0.8021 0.8381 0.6652 0.9258 0.8285 0.9372 0.9177 0.9122 0.9404 0.9090 0.9132 0.9250 0.8673
KALIKO_3             0.6973 0.6760 0.5413 0.3916 0.9258 0.9020 0.9274 0.7136 0.9045 0.8523 0.9196 0.9365 0.9079 0.9625 0.9242 0.9319 0.9143 0.9427 0.9274 0.0000 0.7537 0.4293 0.9398 0.7537 0.8808 0.5653 0.6430 0.5476 0.7380 0.7042 0.6649 0.9016 0.9580 0.8969 0.9365 0.7340 0.9392 0.9497 0.9610 0.7136 0.9662 0.6045 0.6595 0.4353 0.7020 0.9621 0.5040 0.7090 0.9056
KEDIRU               0.1649 0.2858 0.7210 0.7419 0.8957 0.8656 0.8981 0.2301 0.7164 0.8297 0.9176 0.9205 0.9056 0.9474 0.9365 0.9456 0.9443 0.9289 0.9392 0.7537 0.0000 0.6430 0.9385 0.0989 0.8778 0.5496 0.5313 0.6311 0.5136 0.5973 0.6074 0.8851 0.9233 0.8944 0.9350 0.1448 0.9101 0.9486 0.9602 0.4442 0.9410 0.5625 0.5036 0.7042 0.4946 0.9469 0.7694 0.2923 0.8874
KELIKO               0.5799 0.5554 0.5396 0.5653 0.9151 0.9056 0.8903 0.5970 0.8292 0.8416 0.9224 0.9385 0.9111 0.9502 0.9398 0.9196 0.9176 0.9443 0.9297 0.4293 0.6430 0.0000 0.9289 0.6430 0.8402 0.4856 0.4397 0.2105 0.6036 0.7180 0.5935 0.8640 0.9485 0.8573 0.9385 0.6430 0.9282 0.9101 0.9621 0.7066 0.9317 0.4038 0.5441 0.5216 0.5123 0.9632 0.5554 0.6140 0.8793
KENGA                0.9258 0.9258 0.9379 0.9379 0.6124 0.8438 0.9177 0.9250 0.9090 0.7728 0.7419 0.8381 0.7530 0.8147 0.7419 0.7090 0.7419 0.7837 0.7207 0.9398 0.9385 0.9289 0.0000 0.9385 0.9531 0.9266 0.9274 0.9404 0.9258 0.9372 0.9274 0.9186 0.9164 0.9410 0.7710 0.9385 0.8608 0.8360 0.6595 0.9385 0.8686 0.9224 0.9169 0.9250 0.9266 0.9079 0.9122 0.9242 0.8499
LAKAMADI             0.2473 0.2858 0.7210 0.7419 0.8957 0.8656 0.8981 0.2301 0.7377 0.8297 0.9176 0.9350 0.9205 0.9474 0.9365 0.9456 0.9443 0.9289 0.9392 0.7537 0.0989 0.6430 0.9385 0.0000 0.8621 0.5496 0.5576 0.6311 0.5413 0.6229 0.6311 0.8993 0.9233 0.8944 0.9350 0.1448 0.9101 0.9486 0.9602 0.3789 0.9410 0.5625 0.5300 0.7042 0.5226 0.9469 0.7694 0.3656 0.8711
LENDU                0.8638 0.8793 0.9068 0.9068 0.9651 0.9480 0.9016 0.8621 0.9350 0.9032 0.9491 0.9767 0.9639 0.9629 0.9645 0.9618 0.9610 0.9186 0.9657 0.8808 0.8778 0.8402 0.9531 0.8621 0.0000 0.8499 0.8360 0.8823 0.8638 0.9056 0.8519 0.9160 0.9476 0.8837 0.9639 0.8778 0.9132 0.9224 0.9755 0.8778 0.9304 0.8729 0.8721 0.8778 0.8499 0.9761 0.8944 0.8602 0.8917
LOGO                 0.4756 0.4756 0.6421 0.5935 0.8981 0.8523 0.9141 0.5226 0.8394 0.8347 0.9196 0.9365 0.9079 0.9486 0.9379 0.9469 0.9143 0.9304 0.9274 0.5653 0.5496 0.4856 0.9266 0.5496 0.8499 0.0000 0.5727 0.5216 0.6074 0.6822 0.5970 0.9016 0.9361 0.9111 0.9365 0.5496 0.9258 0.9358 0.9610 0.6481 0.9297 0.5237 0.5701 0.5756 0.5901 0.9621 0.6973 0.5413 0.8583
LOKAI                0.5129 0.5901 0.6481 0.6707 0.9132 0.8711 0.9016 0.5313 0.7883 0.8192 0.9205 0.9233 0.9090 0.9491 0.9385 0.9176 0.9154 0.9186 0.9282 0.6430 0.5313 0.4397 0.9274 0.5576 0.8360 0.5727 0.0000 0.4763 0.4267 0.5679 0.3879 0.8751 0.9366 0.8837 0.9372 0.5313 0.8993 0.9079 0.9614 0.6760 0.9177 0.5043 0.5771 0.6311 0.1574 0.9486 0.5901 0.5496 0.8762
LUGBARA              0.5901 0.5653 0.4655 0.6006 0.9132 0.9186 0.9016 0.5829 0.8244 0.8543 0.9350 0.9372 0.9233 0.9629 0.9517 0.9327 0.9311 0.9551 0.9410 0.5476 0.6311 0.2105 0.9404 0.6311 0.8823 0.5216 0.4763 0.0000 0.5901 0.7090 0.6487 0.8891 0.9583 0.8981 0.9507 0.6311 0.9266 0.9079 0.9755 0.7380 0.9304 0.3789 0.5287 0.5313 0.5216 0.9625 0.5901 0.6248 0.9068
LULUBA               0.5496 0.6006 0.7042 0.7460 0.9250 0.8843 0.8993 0.5136 0.7818 0.8322 0.9335 0.9358 0.9497 0.9621 0.9507 0.9462 0.9602 0.9421 0.9526 0.7380 0.5136 0.6036 0.9258 0.5413 0.8638 0.6074 0.4267 0.5901 0.0000 0.2923 0.5129 0.8865 0.9355 0.8957 0.9497 0.4849 0.9385 0.9491 0.9606 0.6652 0.9539 0.5707 0.6100 0.6652 0.3157 0.9618 0.6925 0.5600 0.8729
LULUBO_OLUBO         0.6295 0.6536 0.6655 0.7116 0.9365 0.8965 0.9242 0.5973 0.8297 0.8616 0.9462 0.9335 0.9621 0.9753 0.9629 0.9443 0.9588 0.9531 0.9642 0.7042 0.5973 0.7180 0.9372 0.6229 0.9056 0.6822 0.5679 0.7090 0.2923 0.0000 0.5413 0.9111 0.9453 0.9215 0.9621 0.5707 0.9365 0.9618 0.9593 0.6475 0.9651 0.7015 0.7020 0.6475 0.4748 0.9606 0.6769 0.6412 0.9007
MAADI                0.5653 0.6595 0.6248 0.6707 0.9266 0.8711 0.9151 0.6074 0.8244 0.8008 0.9205 0.9372 0.9233 0.9491 0.9385 0.9474 0.9311 0.9311 0.9282 0.6649 0.6074 0.5935 0.9274 0.6311 0.8519 0.5970 0.3879 0.6487 0.5129 0.5413 0.0000 0.8891 0.9366 0.8981 0.9372 0.5829 0.9132 0.8931 0.9614 0.6311 0.9048 0.6359 0.6438 0.6311 0.4376 0.9625 0.6371 0.5756 0.8602
MAMVU                0.8865 0.8721 0.9392 0.9258 0.9177 0.9090 0.5496 0.8556 0.8823 0.9090 0.9385 0.9274 0.9141 0.9517 0.9416 0.9079 0.9205 0.9458 0.9438 0.9016 0.8851 0.8640 0.9186 0.8993 0.9160 0.9016 0.8751 0.8891 0.8865 0.9111 0.8891 0.0000 0.9287 0.6392 0.9404 0.8851 0.9304 0.9132 0.9215 0.8993 0.9337 0.8957 0.8927 0.9266 0.8736 0.9379 0.9141 0.8837 0.9258
MANGBETU_2           0.9355 0.9355 0.9680 0.9570 0.9377 0.9559 0.9493 0.9349 0.9453 0.9443 0.9677 0.9577 0.9467 0.9453 0.9366 0.9317 0.9547 0.9607 0.9493 0.9580 0.9233 0.9485 0.9164 0.9233 0.9476 0.9361 0.9366 0.9583 0.9355 0.9453 0.9366 0.9287 0.0000 0.9261 0.9355 0.9233 0.9693 0.9682 0.9432 0.9349 0.9604 0.9448 0.9489 0.9462 0.9361 0.9785 0.9577 0.9343 0.9458
MANGBUTU             0.8808 0.8656 0.9502 0.9365 0.9404 0.9196 0.6939 0.8638 0.8917 0.9045 0.9497 0.9892 0.9379 0.9632 0.9648 0.9480 0.9319 0.9438 0.9660 0.8969 0.8944 0.8573 0.9410 0.8944 0.8837 0.9111 0.8837 0.8981 0.8957 0.9215 0.8981 0.6392 0.9261 0.0000 0.9642 0.8793 0.9274 0.9233 0.9474 0.8944 0.9432 0.9056 0.9151 0.9233 0.8823 0.9629 0.9101 0.8778 0.9224
MANGO                0.9358 0.9358 0.9486 0.9343 0.5799 0.7749 0.9398 0.9350 0.9032 0.7749 0.5517 0.8602 0.6925 0.5517 0.2581 0.7066 0.6961 0.6983 0.4946 0.9365 0.9350 0.9385 0.7710 0.9350 0.9639 0.9365 0.9372 0.9507 0.9497 0.9621 0.9372 0.9404 0.9355 0.9642 0.0000 0.9350 0.8029 0.8244 0.7015 0.9205 0.8155 0.9327 0.9258 0.9205 0.9502 0.9020 0.9215 0.9343 0.8564
MIZA                 0.2858 0.3578 0.7419 0.7210 0.8957 0.8479 0.8981 0.2301 0.7377 0.8297 0.9176 0.9350 0.9205 0.9474 0.9365 0.9456 0.9284 0.9289 0.9392 0.7340 0.1448 0.6430 0.9385 0.1448 0.8778 0.5496 0.5313 0.6311 0.4849 0.5707 0.5829 0.8851 0.9233 0.8793 0.9350 0.0000 0.9101 0.9486 0.9602 0.4442 0.9535 0.5897 0.5554 0.6822 0.4946 0.9469 0.7499 0.3656 0.8711
MODO                 0.9250 0.9250 0.9372 0.9233 0.7803 0.6874 0.9169 0.9101 0.9079 0.7499 0.8121 0.8969 0.8519 0.7944 0.8081 0.8218 0.8165 0.7650 0.8021 0.9392 0.9101 0.9282 0.8608 0.9101 0.9132 0.9258 0.8993 0.9266 0.9385 0.9365 0.9132 0.9304 0.9693 0.9274 0.8029 0.9101 0.0000 0.5216 0.8371 0.9101 0.5265 0.9358 0.9160 0.9242 0.9122 0.9068 0.9385 0.9233 0.8793
MOROKODO             0.9350 0.9205 0.9335 0.9335 0.8001 0.7289 0.8981 0.9196 0.9176 0.7505 0.8165 0.9056 0.8583 0.7978 0.8292 0.8079 0.8595 0.7832 0.8381 0.9497 0.9486 0.9101 0.8360 0.9486 0.9224 0.9358 0.9079 0.9079 0.9491 0.9618 0.8931 0.9132 0.9682 0.9233 0.8244 0.9486 0.5216 0.0000 0.8433 0.9486 0.5117 0.9165 0.8969 0.9343 0.9215 0.9165 0.9491 0.9335 0.8874
MOROM                0.9606 0.9606 0.9747 0.9597 0.6045 0.8126 0.9205 0.9602 0.9436 0.8126 0.7328 0.8456 0.7015 0.7328 0.6889 0.4831 0.7066 0.7644 0.6652 0.9610 0.9602 0.9621 0.6595 0.9602 0.9755 0.9610 0.9614 0.9755 0.9606 0.9593 0.9614 0.9215 0.9432 0.9474 0.7015 0.9602 0.8371 0.8433 0.0000 0.9293 0.8479 0.9588 0.9486 0.9450 0.9610 0.8919 0.9456 0.9597 0.8776
MORU_3               0.4551 0.4849 0.6993 0.7210 0.8808 0.8656 0.8837 0.5043 0.7978 0.8479 0.9020 0.9350 0.9056 0.9474 0.9224 0.9302 0.9120 0.9289 0.9258 0.7136 0.4442 0.7066 0.9385 0.3789 0.8778 0.6481 0.6760 0.7380 0.6652 0.6475 0.6311 0.8993 0.9349 0.8944 0.9205 0.4442 0.9101 0.9486 0.9293 0.0000 0.9535 0.6889 0.6487 0.7042 0.6481 0.9469 0.7694 0.4643 0.8371
NYAMUSA_MOLO         0.9416 0.9416 0.9531 0.9531 0.8094 0.7678 0.9330 0.9535 0.9266 0.8029 0.8244 0.9160 0.8608 0.8244 0.8200 0.8338 0.8621 0.7938 0.8285 0.9662 0.9410 0.9317 0.8686 0.9410 0.9304 0.9297 0.9177 0.9304 0.9539 0.9651 0.9048 0.9337 0.9604 0.9432 0.8155 0.9535 0.5265 0.5117 0.8479 0.9535 0.0000 0.9258 0.9078 0.9535 0.9297 0.9258 0.9539 0.9531 0.9005
OJIGA                0.5431 0.5144 0.5819 0.6346 0.8917 0.9120 0.8944 0.5625 0.8271 0.8216 0.9143 0.9327 0.9020 0.9456 0.9343 0.9274 0.9254 0.9398 0.9372 0.6045 0.5625 0.4038 0.9224 0.5625 0.8729 0.5237 0.5043 0.3789 0.5707 0.7015 0.6359 0.8957 0.9448 0.9056 0.9327 0.5897 0.9358 0.9165 0.9588 0.6889 0.9258 0.0000 0.3836 0.5897 0.5517 0.9602 0.6713 0.5819 0.8656
OJILA                0.4293 0.4293 0.6430 0.6430 0.8891 0.9068 0.9048 0.5036 0.8147 0.8438 0.9090 0.9258 0.8981 0.9372 0.9274 0.9350 0.9480 0.9210 0.9177 0.6595 0.5036 0.5441 0.9169 0.5300 0.8721 0.5701 0.5771 0.5287 0.6100 0.7020 0.6438 0.8927 0.9489 0.9151 0.9258 0.5554 0.9160 0.8969 0.9486 0.6487 0.9078 0.3836 0.0000 0.6701 0.5458 0.9502 0.7344 0.4946 0.8957
OMI_2                0.6652 0.7090 0.4946 0.5237 0.8957 0.8993 0.9258 0.6595 0.8859 0.8297 0.9176 0.9350 0.9205 0.9327 0.9224 0.9143 0.9120 0.9539 0.9122 0.4353 0.7042 0.5216 0.9250 0.7042 0.8778 0.5756 0.6311 0.5313 0.6652 0.6475 0.6311 0.9266 0.9462 0.9233 0.9205 0.6822 0.9242 0.9343 0.9450 0.7042 0.9535 0.5897 0.6701 0.0000 0.6481 0.9614 0.5679 0.6769 0.9032
PANDIKERI            0.4756 0.5576 0.6874 0.7090 0.9258 0.8859 0.9005 0.4946 0.7659 0.8347 0.9343 0.9365 0.9365 0.9625 0.9512 0.9319 0.9456 0.9304 0.9404 0.7020 0.4946 0.5123 0.9266 0.5226 0.8499 0.5901 0.1574 0.5216 0.3157 0.4748 0.4376 0.8736 0.9361 0.8823 0.9502 0.4946 0.9122 0.9215 0.9610 0.6481 0.9297 0.5517 0.5458 0.6481 0.0000 0.9621 0.6539 0.5136 0.8903
SINYAR               0.9618 0.9618 0.9610 0.9610 0.8917 0.8776 0.9372 0.9469 0.9302 0.8950 0.9143 0.7584 0.8859 0.8979 0.9045 0.8757 0.8719 0.8993 0.9090 0.9621 0.9469 0.9632 0.9079 0.9469 0.9761 0.9621 0.9486 0.9625 0.9618 0.9606 0.9625 0.9379 0.9785 0.9629 0.9020 0.9469 0.9068 0.9165 0.8919 0.9469 0.9258 0.9602 0.9502 0.9614 0.9621 0.0000 0.9618 0.9462 0.8993
SOUTHERN_MAADI_2     0.7340 0.7537 0.5862 0.6115 0.9111 0.9165 0.9398 0.7298 0.9186 0.8675 0.9186 0.9358 0.8917 0.9621 0.9233 0.9311 0.9132 0.9543 0.9132 0.5040 0.7694 0.5554 0.9122 0.7694 0.8944 0.6973 0.5901 0.5901 0.6925 0.6769 0.6371 0.9141 0.9577 0.9101 0.9215 0.7499 0.9385 0.9491 0.9456 0.7694 0.9539 0.6713 0.7344 0.5679 0.6539 0.9618 0.0000 0.7254 0.9045
WADI                 0.1884 0.3789 0.6942 0.7164 0.8944 0.8810 0.8823 0.3656 0.7946 0.8079 0.9165 0.9196 0.9045 0.9469 0.9358 0.9450 0.9436 0.9410 0.9250 0.7090 0.2923 0.6140 0.9242 0.3656 0.8602 0.5413 0.5496 0.6248 0.5600 0.6412 0.5756 0.8837 0.9343 0.8778 0.9343 0.3656 0.9233 0.9335 0.9597 0.4643 0.9531 0.5819 0.4946 0.6769 0.5136 0.9462 0.7254 0.0000 0.8693
YULU                 0.8729 0.8889 0.9176 0.9176 0.8479 0.7880 0.9111 0.8874 0.8322 0.7675 0.8501 0.8564 0.8564 0.8322 0.8602 0.8616 0.8573 0.8878 0.8673 0.9056 0.8874 0.8793 0.8499 0.8711 0.8917 0.8583 0.8762 0.9068 0.8729 0.9007 0.8602 0.9258 0.9458 0.9224 0.8564 0.8711 0.8793 0.8874 0.8776 0.8371 0.9005 0.8656 0.8957 0.9032 0.8903 0.8993 0.9045 0.8693 0.0000
