 22
AMPARI_PA            0.0000 0.7452 0.8052 0.7484 0.8340 0.5503 0.7796 0.7742 0.7997 0.7997 0.7076 0.6704 0.4865 0.6893 0.6981 0.6656 0.7092 0.8267 0.7916 0.7294 0.6565 0.7186
ANA_TINGA            0.7452 0.0000 0.8001 0.7208 0.8171 0.7952 0.7517 0.7449 0.7742 0.7350 0.8364 0.7172 0.7640 0.5262 0.8037 0.7622 0.7361 0.8353 0.8662 0.7385 0.4578 0.6337
BANKAN_TEY           0.8052 0.8001 0.0000 0.6496 0.7097 0.8289 0.8526 0.7945 0.8662 0.8408 0.8243 0.6281 0.8315 0.7433 0.7704 0.8217 0.8100 0.8336 0.7441 0.5643 0.7632 0.7045
BEN_TEY_DOGON        0.7484 0.7208 0.6496 0.0000 0.7047 0.7937 0.7893 0.6682 0.7208 0.7016 0.7723 0.3246 0.7654 0.6237 0.7115 0.7258 0.6488 0.7957 0.7718 0.5783 0.6748 0.6983
BONDUM_DOM_2         0.8340 0.8171 0.7097 0.7047 0.0000 0.8687 0.8419 0.8261 0.8302 0.8556 0.8058 0.7168 0.8340 0.7632 0.7742 0.8383 0.8130 0.7937 0.8075 0.7632 0.7676 0.7239
BUNOGE               0.5503 0.7952 0.8289 0.7937 0.8687 0.0000 0.7928 0.8245 0.8464 0.8299 0.7738 0.7916 0.5757 0.7419 0.7751 0.7016 0.7916 0.8364 0.8419 0.7611 0.7294 0.7774
DOGON                0.7796 0.7517 0.8526 0.7893 0.8419 0.7928 0.0000 0.6970 0.5652 0.7314 0.8710 0.7870 0.7796 0.7742 0.7370 0.7994 0.5577 0.7234 0.8124 0.7928 0.7796 0.8185
DOGON_JAMSAY         0.7742 0.7449 0.7945 0.6682 0.8261 0.8245 0.6970 0.0000 0.7016 0.6042 0.8453 0.6633 0.7928 0.7276 0.6748 0.7521 0.5686 0.7632 0.6804 0.7484 0.7742 0.7679
DONNO_SO_3           0.7997 0.7742 0.8662 0.7208 0.8302 0.8464 0.5652 0.7016 0.0000 0.6476 0.8241 0.7361 0.7640 0.7769 0.6870 0.8018 0.4865 0.7262 0.7858 0.8128 0.7997 0.8202
JAMSAY_2             0.7997 0.7350 0.8408 0.7016 0.8556 0.8299 0.7314 0.6042 0.6476 0.0000 0.8485 0.7172 0.7997 0.7769 0.7052 0.7824 0.6774 0.8100 0.7858 0.7769 0.7997 0.8056
KOLUM_SO_3           0.7076 0.8364 0.8243 0.7723 0.8058 0.7738 0.8710 0.8453 0.8241 0.8485 0.0000 0.7439 0.7076 0.7872 0.7463 0.7332 0.7832 0.8006 0.8139 0.8130 0.7907 0.7484
NANGA                0.6704 0.7172 0.6281 0.3246 0.7168 0.7916 0.7870 0.6633 0.7361 0.7172 0.7439 0.0000 0.7276 0.5717 0.6562 0.7016 0.6441 0.8065 0.7411 0.4953 0.6290 0.6779
NYAMBEENGGE_2        0.4865 0.7640 0.8315 0.7654 0.8340 0.5757 0.7796 0.7928 0.7640 0.7997 0.7076 0.7276 0.0000 0.6893 0.7642 0.7103 0.6901 0.8018 0.8185 0.7484 0.6565 0.7510
TEBUL_URE            0.6893 0.5262 0.7433 0.6237 0.7632 0.7419 0.7742 0.7276 0.7769 0.7769 0.7872 0.5717 0.6893 0.0000 0.7429 0.7654 0.6818 0.8115 0.8289 0.6804 0.3742 0.5981
TENE_KAN_3           0.6981 0.8037 0.7704 0.7115 0.7742 0.7751 0.7370 0.6748 0.6870 0.7052 0.7463 0.6562 0.7642 0.7429 0.0000 0.7276 0.6562 0.6905 0.6868 0.7592 0.7484 0.7016
TIRANIGE_DIGA_DOGON  0.6656 0.7622 0.8217 0.7258 0.8383 0.7016 0.7994 0.7521 0.8018 0.7824 0.7332 0.7016 0.7103 0.7654 0.7276 0.0000 0.7221 0.8171 0.8357 0.7654 0.7517 0.7654
TOMMO_SO_3           0.7092 0.7361 0.8100 0.6488 0.8130 0.7916 0.5577 0.5686 0.4865 0.6774 0.7832 0.6441 0.6901 0.6818 0.6562 0.7221 0.0000 0.6836 0.7262 0.7573 0.6901 0.7433
TORO_SO_3            0.8267 0.8353 0.8336 0.7957 0.7937 0.8364 0.7234 0.7632 0.7262 0.8100 0.8006 0.8065 0.8018 0.8115 0.6905 0.8171 0.6836 0.0000 0.7681 0.8241 0.8144 0.7588
TORO_TEGU_3          0.7916 0.8662 0.7441 0.7718 0.8075 0.8419 0.8124 0.6804 0.7858 0.7858 0.8139 0.7411 0.8185 0.8289 0.6868 0.8357 0.7262 0.7681 0.0000 0.7733 0.8185 0.7594
WALO_KUMBE           0.7294 0.7385 0.5643 0.5783 0.7632 0.7611 0.7928 0.7484 0.8128 0.7769 0.8130 0.4953 0.7484 0.6804 0.7592 0.7654 0.7573 0.8241 0.7733 0.0000 0.6893 0.7291
YANDA                0.6565 0.4578 0.7632 0.6748 0.7676 0.7294 0.7796 0.7742 0.7997 0.7997 0.7907 0.6290 0.6565 0.3742 0.7484 0.7517 0.6901 0.8144 0.8185 0.6893 0.0000 0.5000
YANDA_DOM_2          0.7186 0.6337 0.7045 0.6983 0.7239 0.7774 0.8185 0.7679 0.8202 0.8056 0.7484 0.6779 0.7510 0.5981 0.7016 0.7654 0.7433 0.7588 0.7594 0.7291 0.5000 0.0000
