 9
CAYUGA        0.0000 0.9767 0.4944 0.5797 0.4944 0.4135 0.6980 0.6980 0.6922
CHEROKEE      0.9767 0.0000 0.9777 0.9770 0.9773 0.9777 0.9778 0.9664 0.9889
MOHAWK        0.4944 0.9777 0.0000 0.4603 0.4780 0.4785 0.6546 0.6357 0.6128
ONEIDA        0.5797 0.9770 0.4603 0.0000 0.4858 0.4861 0.7417 0.6879 0.6640
ONONDAGA      0.4944 0.9773 0.4780 0.4858 0.0000 0.4525 0.6964 0.6399 0.6357
SENECA        0.4135 0.9777 0.4785 0.4861 0.4525 0.0000 0.6909 0.6163 0.5933
TUSCARORA     0.6980 0.9778 0.6546 0.7417 0.6964 0.6909 0.0000 0.7449 0.7063
WENDAT_HURON  0.6980 0.9664 0.6357 0.6879 0.6399 0.6163 0.7449 0.0000 0.3185
WYANDOT       0.6922 0.9889 0.6128 0.6640 0.6357 0.5933 0.7063 0.3185 0.0000
