 30
AKAJIMA_OKINAWAN       0.0000 0.4052 0.3772 0.3842 0.1503 0.2766 0.4762 0.4117 0.3103 0.2509 0.3568 0.3558 0.3842 0.3013 0.3558 0.2241 0.3558 0.4138 0.2712 0.2241 0.4750 0.3103 0.2808 0.4867 0.2980 0.2660 0.1366 0.3842 0.2241 0.3251
AZA_IRABU_MIYAKO       0.4052 0.0000 0.1708 0.4269 0.4391 0.4331 0.4940 0.4127 0.3770 0.4331 0.3335 0.3770 0.2616 0.3465 0.2561 0.4528 0.2561 0.4981 0.4449 0.4528 0.4149 0.3315 0.4505 0.4528 0.3450 0.3335 0.4127 0.4665 0.4528 0.4331
FUKUSATO_MIYAKO        0.3772 0.1708 0.0000 0.3984 0.3912 0.4052 0.4566 0.3625 0.3251 0.4052 0.3045 0.3251 0.2005 0.2920 0.1366 0.4254 0.1670 0.4696 0.4179 0.4254 0.4068 0.2766 0.4240 0.4254 0.3136 0.2305 0.3842 0.4391 0.4254 0.3625
HATERUMA_YAEYAMA       0.3842 0.4269 0.3984 0.0000 0.3984 0.4127 0.4789 0.3694 0.3074 0.3915 0.3558 0.2289 0.4060 0.3227 0.3547 0.3915 0.4191 0.4785 0.4052 0.3915 0.3921 0.3315 0.4314 0.4331 0.3450 0.3335 0.3915 0.4665 0.4127 0.3694
HIGA_OKINAWAN          0.1503 0.4391 0.3912 0.3984 0.0000 0.2401 0.4870 0.4254 0.3251 0.2920 0.3910 0.3480 0.3984 0.3164 0.4117 0.2666 0.4117 0.4285 0.3103 0.2666 0.4495 0.3480 0.2712 0.4819 0.3616 0.3045 0.2125 0.3984 0.2666 0.3164
IZENA_KUNIGAMI         0.2766 0.4331 0.4052 0.4127 0.2401 0.0000 0.4830 0.4391 0.3625 0.3315 0.4044 0.3842 0.3915 0.4191 0.4052 0.3074 0.4052 0.4640 0.2766 0.3074 0.4640 0.3399 0.2863 0.5123 0.3990 0.3633 0.3074 0.4127 0.3315 0.2823
JAPANESE_2             0.4762 0.4940 0.4566 0.4789 0.4870 0.4830 0.0000 0.4019 0.4407 0.4830 0.4391 0.4566 0.3962 0.4520 0.4407 0.4979 0.4870 0.5346 0.4909 0.4979 0.5046 0.4075 0.5225 0.3842 0.4702 0.4232 0.4830 0.5368 0.5123 0.4830
JAPANESE_KYOTO         0.4117 0.4127 0.3625 0.3694 0.4254 0.4391 0.4019 0.0000 0.3399 0.3984 0.3633 0.3625 0.3694 0.3547 0.3399 0.4191 0.4254 0.4433 0.4314 0.4191 0.3764 0.3399 0.4558 0.2289 0.3535 0.3190 0.4391 0.4718 0.4391 0.3984
KABIRA_YAEYAMA         0.3103 0.3770 0.3251 0.3074 0.3251 0.3625 0.4407 0.3399 0.0000 0.3625 0.3045 0.2509 0.3315 0.2401 0.2509 0.3164 0.2766 0.4890 0.3558 0.3164 0.3362 0.2241 0.3842 0.4254 0.2339 0.1761 0.3399 0.3984 0.3399 0.3399
KAMIKATETSU_KIKAI      0.2509 0.4331 0.4052 0.3915 0.2920 0.3315 0.4830 0.3984 0.3625 0.0000 0.4044 0.3625 0.3694 0.3547 0.3842 0.3074 0.3842 0.3764 0.2509 0.3074 0.4838 0.3625 0.2863 0.4770 0.3767 0.3415 0.3074 0.4127 0.2823 0.3074
KOHAMA_YAEYAMA         0.3568 0.3335 0.3045 0.3558 0.3910 0.4044 0.4391 0.3633 0.3045 0.4044 0.0000 0.2808 0.3335 0.3415 0.3273 0.3842 0.3273 0.4853 0.3975 0.3842 0.4060 0.2561 0.4226 0.4240 0.2920 0.2364 0.3842 0.4179 0.4044 0.3842
KOMI_YAEYAMA           0.3558 0.3770 0.3251 0.2289 0.3480 0.3842 0.4566 0.3625 0.2509 0.3625 0.2808 0.0000 0.3770 0.3164 0.3251 0.3625 0.3480 0.4495 0.3558 0.3625 0.3607 0.3013 0.3633 0.4052 0.3136 0.2561 0.3842 0.4191 0.3842 0.3164
KUNINAKA_MIYAKO        0.3842 0.2616 0.2005 0.4060 0.3984 0.3915 0.3962 0.3694 0.3315 0.3694 0.3335 0.3770 0.0000 0.3227 0.2005 0.4331 0.2561 0.4581 0.4052 0.4331 0.4149 0.3074 0.4314 0.4127 0.3450 0.3335 0.3915 0.4665 0.4331 0.3915
KUROSHIMA_YAEYAMA      0.3013 0.3465 0.2920 0.3227 0.3164 0.4191 0.4520 0.3547 0.2401 0.3547 0.3415 0.3164 0.3227 0.0000 0.2666 0.3547 0.3399 0.4433 0.3912 0.3547 0.3764 0.2920 0.3979 0.4391 0.2779 0.2195 0.3074 0.4331 0.3770 0.4191
MIYAKO                 0.3558 0.2561 0.1366 0.3547 0.4117 0.4052 0.4407 0.3399 0.2509 0.3842 0.3273 0.3251 0.2005 0.2666 0.0000 0.4052 0.1962 0.4495 0.3979 0.4052 0.3842 0.2241 0.4240 0.4254 0.2882 0.2305 0.3625 0.4191 0.4052 0.3625
NAHA                   0.2241 0.4528 0.4254 0.3915 0.2666 0.3074 0.4979 0.4191 0.3164 0.3074 0.3842 0.3625 0.4331 0.3547 0.4052 0.0000 0.4052 0.4219 0.3251 0.0000 0.4640 0.3164 0.3335 0.4949 0.3293 0.3190 0.2561 0.3694 0.1397 0.3074
NISHIHARA_MIYAKO       0.3558 0.2561 0.1670 0.4191 0.4117 0.4052 0.4870 0.4254 0.2766 0.3842 0.3273 0.3480 0.2561 0.3399 0.1962 0.4052 0.0000 0.5077 0.3772 0.4052 0.4495 0.3013 0.4044 0.4995 0.3136 0.2808 0.3625 0.3984 0.4052 0.3842
NORTHERN_AMAMI_OSHIMA  0.4138 0.4981 0.4696 0.4785 0.4285 0.4640 0.5346 0.4433 0.4890 0.3764 0.4853 0.4495 0.4581 0.4433 0.4495 0.4219 0.5077 0.0000 0.3688 0.4219 0.5123 0.4495 0.3990 0.4838 0.4671 0.4665 0.4433 0.5169 0.4433 0.4219
SANI_AMAMI             0.2712 0.4449 0.4179 0.4052 0.3103 0.2766 0.4909 0.4314 0.3558 0.2509 0.3975 0.3558 0.4052 0.3912 0.3979 0.3251 0.3772 0.3688 0.0000 0.3251 0.4750 0.3558 0.2305 0.4867 0.4127 0.3568 0.3013 0.4254 0.3480 0.2766
SHURI                  0.2241 0.4528 0.4254 0.3915 0.2666 0.3074 0.4979 0.4191 0.3164 0.3074 0.3842 0.3625 0.4331 0.3547 0.4052 0.0000 0.4052 0.4219 0.3251 0.0000 0.4640 0.3164 0.3335 0.4949 0.3293 0.3190 0.2561 0.3694 0.1397 0.3074
TAKARAJIMA_JAPANESE    0.4750 0.4149 0.4068 0.3921 0.4495 0.4640 0.5046 0.3764 0.3362 0.4838 0.4060 0.3607 0.4149 0.3764 0.3842 0.4640 0.4495 0.5123 0.4750 0.4640 0.0000 0.3607 0.4611 0.4219 0.4234 0.3842 0.4640 0.4981 0.4838 0.4433
TAKETOMI_YAEYAMA       0.3103 0.3315 0.2766 0.3315 0.3480 0.3399 0.4075 0.3399 0.2241 0.3625 0.2561 0.3013 0.3074 0.2920 0.2241 0.3164 0.3013 0.4495 0.3558 0.3164 0.3607 0.0000 0.4044 0.4254 0.2616 0.2305 0.3164 0.3984 0.3399 0.2920
TOKUWASE               0.2808 0.4505 0.4240 0.4314 0.2712 0.2863 0.5225 0.4558 0.3842 0.2863 0.4226 0.3633 0.4314 0.3979 0.4240 0.3335 0.4044 0.3990 0.2305 0.3335 0.4611 0.4044 0.0000 0.4913 0.4191 0.3640 0.3103 0.3912 0.3558 0.3558
TOKYO_JAPANESE         0.4867 0.4528 0.4254 0.4331 0.4819 0.5123 0.3842 0.2289 0.4254 0.4770 0.4240 0.4052 0.4127 0.4391 0.4254 0.4949 0.4995 0.4838 0.4867 0.4949 0.4219 0.4254 0.4913 0.0000 0.4411 0.3842 0.5123 0.5079 0.5123 0.4584
UEHARA_YAEYAMA         0.2980 0.3450 0.3136 0.3450 0.3616 0.3990 0.4702 0.3535 0.2339 0.3767 0.2920 0.3136 0.3450 0.2779 0.2882 0.3293 0.3136 0.4671 0.4127 0.3293 0.4234 0.2616 0.4191 0.4411 0.0000 0.2125 0.3293 0.3688 0.3535 0.3767
YAEYAMA                0.2660 0.3335 0.2305 0.3335 0.3045 0.3633 0.4232 0.3190 0.1761 0.3415 0.2364 0.2561 0.3335 0.2195 0.2305 0.3190 0.2808 0.4665 0.3568 0.3190 0.3842 0.2305 0.3640 0.3842 0.2125 0.0000 0.3190 0.3558 0.3415 0.3415
YAMAZATO_OKINAWAN      0.1366 0.4127 0.3842 0.3915 0.2125 0.3074 0.4830 0.4391 0.3399 0.3074 0.3842 0.3842 0.3915 0.3074 0.3625 0.2561 0.3625 0.4433 0.3013 0.2561 0.4640 0.3164 0.3103 0.5123 0.3293 0.3190 0.0000 0.3915 0.2289 0.3074
YONAGUNI               0.3842 0.4665 0.4391 0.4665 0.3984 0.4127 0.5368 0.4718 0.3984 0.4127 0.4179 0.4191 0.4665 0.4331 0.4191 0.3694 0.3984 0.5169 0.4254 0.3694 0.4981 0.3984 0.3912 0.5079 0.3688 0.3558 0.3915 0.0000 0.3694 0.4127
YONAMINE               0.2241 0.4528 0.4254 0.4127 0.2666 0.3315 0.5123 0.4391 0.3399 0.2823 0.4044 0.3842 0.4331 0.3770 0.4052 0.1397 0.4052 0.4433 0.3480 0.1397 0.4838 0.3399 0.3558 0.5123 0.3535 0.3415 0.2289 0.3694 0.0000 0.2823
YORON                  0.3251 0.4331 0.3625 0.3694 0.3164 0.2823 0.4830 0.3984 0.3399 0.3074 0.3842 0.3164 0.3915 0.4191 0.3625 0.3074 0.3842 0.4219 0.2766 0.3074 0.4433 0.2920 0.3558 0.4584 0.3767 0.3415 0.3074 0.4127 0.2823 0.0000
