 10
CHIRORO    0.0000 0.3430 0.3278 0.3105 0.3713 0.4834 0.4367 0.5328 0.3450 0.4313
FAMA       0.3430 0.0000 0.3485 0.3069 0.3882 0.4517 0.3038 0.4567 0.3644 0.4205
KADUGLI_2  0.3278 0.3485 0.0000 0.2933 0.3010 0.4358 0.4313 0.5175 0.0924 0.4479
KANGA      0.3105 0.3069 0.2933 0.0000 0.3375 0.4940 0.4278 0.4813 0.2823 0.4219
KATCHA     0.3713 0.3882 0.3010 0.3375 0.0000 0.5218 0.4031 0.5129 0.2911 0.4414
KEIGA      0.4834 0.4517 0.4358 0.4940 0.5218 0.0000 0.4631 0.5434 0.4297 0.5526
KRONGO     0.4367 0.3038 0.4313 0.4278 0.4031 0.4631 0.0000 0.5081 0.4248 0.5175
KURONDI    0.5328 0.4567 0.5175 0.4813 0.5129 0.5434 0.5081 0.0000 0.5129 0.5273
MIRI       0.3450 0.3644 0.0924 0.2823 0.2911 0.4297 0.4248 0.5129 0.0000 0.4628
TULISHI    0.4313 0.4205 0.4479 0.4219 0.4414 0.5526 0.5175 0.5273 0.4628 0.0000
