 9
ANIGIBI         0.0000 0.5862 0.3139 0.2869 0.4759 0.4957 0.3807 0.3305 0.5552
BAMU            0.5862 0.0000 0.5598 0.5747 0.5287 0.4784 0.4910 0.5408 0.4658
GIBAIO          0.3139 0.5598 0.0000 0.2974 0.4614 0.4815 0.3648 0.3139 0.5243
GOPE            0.2869 0.5747 0.2974 0.0000 0.4190 0.4815 0.3888 0.2586 0.4870
KEREWO          0.4759 0.5287 0.4614 0.4190 0.0000 0.4406 0.2869 0.3888 0.4870
KIWAI_SOUTHERN  0.4957 0.4784 0.4815 0.4815 0.4406 0.0000 0.3648 0.4553 0.4674
MORIGI          0.3807 0.4910 0.3648 0.3888 0.2869 0.3648 0.0000 0.3561 0.4815
URAMA           0.3305 0.5408 0.3139 0.2586 0.3888 0.4553 0.3561 0.0000 0.5009
WABUDA          0.5552 0.4658 0.5243 0.4870 0.4870 0.4674 0.4815 0.5009 0.0000
