 7
CENTRAL_KOMA   0.0000 0.9349 0.5663 0.8386 0.9207 0.9316 0.8111
GWAMA          0.9349 0.0000 0.9076 0.9467 0.4679 0.4767 0.9067
KOMA           0.5663 0.9076 0.0000 0.8386 0.9067 0.9169 0.8111
LANGA          0.8386 0.9467 0.8386 0.0000 0.9177 0.9443 0.8862
NORTHERN_KOMA  0.9207 0.4679 0.9067 0.9177 0.0000 0.5256 0.9200
SOUTHERN_KOMA  0.9316 0.4767 0.9169 0.9443 0.5256 0.0000 0.9007
UDUK           0.8111 0.9067 0.8111 0.8862 0.9200 0.9007 0.0000
