 21
AWERA          0.0000 0.9316 0.9291 0.8885 0.9601 0.9282 0.9300 0.9586 0.9460 0.9581 0.9466 0.9727 0.9323 0.9291 0.9156 0.9146 0.9586 0.9291 0.9416 0.9586 0.9186
BIRITAI        0.9316 0.0000 0.7802 0.8775 0.8744 0.8329 0.8021 0.8840 0.8899 0.8657 0.8441 0.8462 0.6062 0.8353 0.9186 0.9605 0.9001 0.9167 0.9282 0.9156 0.8298
DOUTAI         0.9291 0.7802 0.0000 0.8565 0.9316 0.8439 0.8484 0.8792 0.9167 0.7829 0.8870 0.9101 0.7444 0.7489 0.9308 0.9594 0.8253 0.9291 0.9255 0.9436 0.7483
DUVLE          0.8885 0.8775 0.8565 0.0000 0.9071 0.9026 0.8584 0.9026 0.9071 0.9316 0.8790 0.9001 0.8938 0.8727 0.9060 0.9744 0.9177 0.9038 0.9146 0.9177 0.8805
EDOPI          0.9601 0.8744 0.9316 0.9071 0.0000 0.9455 0.8376 0.9598 0.7121 0.9449 0.8441 0.8638 0.8912 0.9013 0.9472 0.9740 0.9455 0.9460 0.9436 0.9455 0.9071
ERITAI         0.9282 0.8329 0.8439 0.9026 0.9455 0.0000 0.9135 0.9430 0.9737 0.7359 0.9167 0.9573 0.6978 0.8253 0.9594 0.9590 0.8031 0.9124 0.8901 0.9274 0.8710
FAYU           0.9300 0.8021 0.8484 0.8584 0.8376 0.9135 0.0000 0.9135 0.8546 0.8792 0.8727 0.8946 0.8398 0.8305 0.8856 0.9598 0.8974 0.9300 0.9101 0.9291 0.8251
FOAU           0.9586 0.8840 0.8792 0.9026 0.9598 0.9430 0.9135 0.0000 0.9872 0.9423 0.9738 0.9724 0.9167 0.8961 0.9449 0.9590 0.9581 0.9731 0.9722 0.9729 0.9026
IAU            0.9460 0.8899 0.9167 0.9071 0.7121 0.9737 0.8546 0.9872 0.0000 0.9300 0.8441 0.8809 0.9205 0.9167 0.9472 0.9872 0.9455 0.9601 0.9731 0.9598 0.8775
KAIY_2         0.9581 0.8657 0.7829 0.9316 0.9449 0.7359 0.8792 0.9423 0.9300 0.0000 0.9001 0.9245 0.7568 0.7620 0.9590 0.9731 0.7794 0.9430 0.9402 0.9423 0.7606
KIRIKIRI       0.9466 0.8441 0.8870 0.8790 0.8441 0.9167 0.8727 0.9738 0.8441 0.9001 0.0000 0.5613 0.8462 0.8870 0.9196 0.9609 0.9316 0.9177 0.9291 0.9316 0.8638
KIRIKIRI_FAIA  0.9727 0.8462 0.9101 0.9001 0.8638 0.9573 0.8946 0.9724 0.8809 0.9245 0.5613 0.0000 0.8825 0.9101 0.9436 0.9872 0.9573 0.9101 0.9224 0.9255 0.9001
OBOKUITAI      0.9323 0.6062 0.7444 0.8938 0.8912 0.6978 0.8398 0.9167 0.9205 0.7568 0.8462 0.8825 0.0000 0.7643 0.9477 0.9609 0.8175 0.9177 0.9135 0.9316 0.7985
PAPASENA       0.9291 0.8353 0.7489 0.8727 0.9013 0.8253 0.8305 0.8961 0.9167 0.7620 0.8870 0.9101 0.7643 0.0000 0.9001 0.9449 0.7447 0.9443 0.9255 0.9436 0.6638
RASAWA         0.9156 0.9186 0.9308 0.9060 0.9472 0.9594 0.8856 0.9449 0.9472 0.9590 0.9196 0.9436 0.9477 0.9001 0.0000 0.8856 0.9594 0.9598 0.9581 0.9594 0.9345
SAPONI         0.9146 0.9605 0.9594 0.9744 0.9740 0.9590 0.9598 0.9590 0.9872 0.9731 0.9609 0.9872 0.9609 0.9449 0.8856 0.0000 0.9733 0.9735 0.9727 0.9733 0.9338
SIKARITAI      0.9586 0.9001 0.8253 0.9177 0.9455 0.8031 0.8974 0.9581 0.9455 0.7794 0.9316 0.9573 0.8175 0.7447 0.9594 0.9733 0.0000 0.9124 0.8720 0.9112 0.8021
TAUSE          0.9291 0.9167 0.9291 0.9038 0.9460 0.9124 0.9300 0.9731 0.9601 0.9430 0.9177 0.9101 0.9177 0.9443 0.9598 0.9735 0.9124 0.0000 0.6834 0.4168 0.9472
TAUSE_DEIRATE  0.9416 0.9282 0.9255 0.9146 0.9436 0.8901 0.9101 0.9722 0.9731 0.9402 0.9291 0.9224 0.9135 0.9255 0.9581 0.9727 0.8720 0.6834 0.0000 0.7264 0.8988
TAUSE_WEIRATE  0.9586 0.9156 0.9436 0.9177 0.9455 0.9274 0.9291 0.9729 0.9598 0.9423 0.9316 0.9255 0.9316 0.9436 0.9594 0.9733 0.9112 0.4168 0.7264 0.0000 0.9323
WARITAI        0.9186 0.8298 0.7483 0.8805 0.9071 0.8710 0.8251 0.9026 0.8775 0.7606 0.8638 0.9001 0.7985 0.6638 0.9345 0.9338 0.8021 0.9472 0.8988 0.9323 0.0000
