 18
APANIEKRA  0.0000 0.4848 0.9511 0.9395 0.9243 0.9528 0.6349 0.9492 0.6529 0.9227 0.9613 0.7995 0.5567 0.9747 0.7211 0.9259 0.8505 0.9018
APINAYE    0.4848 0.0000 0.9065 0.8942 0.8748 0.9633 0.6767 0.9465 0.6931 0.9471 0.9737 0.8230 0.6465 0.9877 0.6036 0.9357 0.8569 0.8951
ARIKAPU    0.9511 0.9065 0.0000 0.7099 0.8916 0.9251 0.9447 0.9745 0.9606 0.9747 0.9877 0.9590 0.9606 0.9739 0.9030 0.9627 0.9481 0.9287
JABUTI     0.9395 0.8942 0.7099 0.0000 0.9227 0.9395 0.9459 0.9748 0.9335 0.9750 0.9877 0.9598 0.9476 0.9606 0.9343 0.9633 0.9492 0.9453
KAINGANG   0.9243 0.8748 0.8916 0.9227 0.0000 0.9633 0.9590 0.9465 0.9161 0.9471 0.9737 0.9586 0.9459 0.9737 0.9018 0.9752 0.9747 0.6950
KARAJA     0.9528 0.9633 0.9251 0.9395 0.9633 0.0000 0.9745 0.9752 0.9620 0.9753 0.9747 0.9320 0.9487 0.9191 0.9357 0.9639 0.9501 0.9743
KRAHO      0.6349 0.6767 0.9447 0.9459 0.9590 0.9745 0.0000 0.9421 0.7722 0.9582 0.9722 0.8440 0.6778 0.9877 0.8560 0.9453 0.8419 0.9553
KRENAK     0.9492 0.9465 0.9745 0.9748 0.9465 0.9752 0.9421 0.0000 0.9441 0.9877 0.9731 0.9414 0.9590 0.9877 0.9594 0.9747 0.9877 0.9414
KREYE      0.6529 0.6931 0.9606 0.9335 0.9161 0.9620 0.7722 0.9441 0.0000 0.9296 0.9729 0.8889 0.7407 0.9877 0.8257 0.9610 0.9304 0.9406
MAXAKALI   0.9227 0.9471 0.9747 0.9750 0.9471 0.9753 0.9582 0.9877 0.9296 0.0000 0.9586 0.9729 0.9447 0.9733 0.9453 0.9877 0.9606 0.9421
OFAYE      0.9613 0.9737 0.9877 0.9877 0.9737 0.9747 0.9722 0.9731 0.9729 0.9586 0.0000 0.9558 0.9729 0.9877 0.9731 0.9877 0.9877 0.9720
PANARA     0.7995 0.8230 0.9590 0.9598 0.9586 0.9320 0.8440 0.9414 0.8889 0.9729 0.9558 0.0000 0.8317 0.9720 0.8144 0.9594 0.9269 0.9374
PYKOBJE    0.5567 0.6465 0.9606 0.9476 0.9459 0.9487 0.6778 0.9590 0.7407 0.9447 0.9729 0.8317 0.0000 0.9729 0.7451 0.9328 0.8661 0.9568
RIKBAKTSA  0.9747 0.9877 0.9739 0.9606 0.9737 0.9191 0.9877 0.9877 0.9877 0.9733 0.9877 0.9720 0.9729 0.0000 0.9582 0.9877 0.9877 0.9720
SUYA       0.7211 0.6036 0.9030 0.9343 0.9018 0.9357 0.8560 0.9594 0.8257 0.9453 0.9731 0.8144 0.7451 0.9582 0.0000 0.9613 0.9161 0.9080
XAVANTE_2  0.9259 0.9357 0.9627 0.9633 0.9752 0.9639 0.9453 0.9747 0.9610 0.9877 0.9877 0.9594 0.9328 0.9877 0.9613 0.0000 0.6749 0.9737
XERENTE    0.8505 0.8569 0.9481 0.9492 0.9747 0.9501 0.8419 0.9877 0.9304 0.9606 0.9877 0.9269 0.8661 0.9877 0.9161 0.6749 0.0000 0.9731
XOKLENG    0.9018 0.8951 0.9287 0.9453 0.6950 0.9743 0.9553 0.9414 0.9406 0.9421 0.9720 0.9374 0.9568 0.9720 0.9080 0.9737 0.9731 0.0000
