 116
AGHU_THARRNGGALA               0.0000 0.9589 0.9612 0.9637 0.9633 0.9784 0.9465 0.9633 0.9773 0.9279 0.9105 0.9790 0.9621 0.9599 0.9765 0.9790 0.9617 0.9765 0.9169 0.9629 0.9773 0.9350 0.9633 0.9180 0.9908 0.9908 0.9908 0.9583 0.9146 0.9471 0.9429 0.9617 0.9259 0.9269 0.9444 0.9471 0.9458 0.9317 0.9146 0.9599 0.9334 0.9289 0.9158 0.9451 0.9908 0.9477 0.9621 0.9612 0.9365 0.9512 0.9527 0.9477 0.9248 0.9751 0.9289 0.9477 0.9444 0.9617 0.9603 0.9621 0.9621 0.9640 0.9517 0.9477 0.9451 0.9776 0.9248 0.9473 0.9419 0.9342 0.9495 0.9661 0.9599 0.9465 0.9753 0.9436 0.8825 0.8577 0.8670 0.9146 0.9373 0.9633 0.9146 0.9248 0.9373 0.9603 0.9465 0.9281 0.9908 0.9690 0.9756 0.9380 0.9517 0.9625 0.9404 0.9778 0.9269 0.9239 0.9451 0.9625 0.9522 0.9633 0.9574 0.9230 0.9644 0.9908 0.9563 0.9702 0.9760 0.9908 0.9169 0.9220 0.9640 0.9773 0.9248 0.9317
ALYAWARRA                      0.9589 0.0000 0.9612 0.6305 0.6239 0.9527 0.9617 0.9633 0.9490 0.9758 0.9654 0.9546 0.9621 0.9599 0.9465 0.9419 0.9765 0.9765 0.9625 0.9908 0.9633 0.9637 0.9908 0.9629 0.9603 0.9599 0.9640 0.9583 0.9617 0.9317 0.9908 0.9465 0.9753 0.9436 0.7962 0.9621 0.9612 0.9908 0.9617 0.9756 0.9629 0.9608 0.9471 0.9451 0.9599 0.9477 0.9471 0.9763 0.9365 0.9648 0.9784 0.9769 0.9248 0.9751 0.9760 0.9364 0.9603 0.9765 0.9603 0.9621 0.9767 0.9640 0.9651 0.9769 0.9760 0.9776 0.9751 0.9585 0.9419 0.9633 0.9495 0.9400 0.9599 0.9617 0.9429 0.9756 0.9621 0.9640 0.9625 0.9617 0.9512 0.9773 0.9308 0.9421 0.9373 0.9444 0.9617 0.9281 0.9578 0.9801 0.9599 0.9651 0.9651 0.9477 0.9578 0.6662 0.9599 0.9651 0.9608 0.9477 0.9522 0.9342 0.9799 0.9780 0.9644 0.9908 0.9680 0.9806 0.9760 0.9751 0.9769 0.9778 0.9358 0.9633 0.9589 0.9767
ANGUTHIMRI                     0.9612 0.9612 0.0000 0.9654 0.9651 0.9672 0.9637 0.9517 0.9908 0.9625 0.9546 0.9797 0.9501 0.9471 0.9908 0.9908 0.9637 0.9637 0.9220 0.9373 0.9517 0.9387 0.9781 0.9648 0.9769 0.9621 0.9657 0.9608 0.9495 0.9640 0.9617 0.9774 0.9465 0.9471 0.9625 0.9640 0.9633 0.9640 0.9201 0.9767 0.9512 0.8515 0.8407 0.9484 0.9767 0.9778 0.9776 0.9908 0.9786 0.9787 0.9792 0.9644 0.9134 0.3539 0.9484 0.9708 0.9625 0.9774 0.9769 0.9501 0.9640 0.9657 0.9789 0.9778 0.9771 0.9908 0.9134 0.9602 0.9567 0.9781 0.9248 0.9675 0.9621 0.9637 0.9465 0.9621 0.9358 0.9394 0.9365 0.9637 0.9664 0.9380 0.9047 0.9763 0.9664 0.9477 0.9637 0.9318 0.9758 0.9595 0.9767 0.9541 0.9541 0.9365 0.9444 0.9532 0.9614 0.9413 0.9334 0.9365 0.9289 0.9517 0.9592 0.9273 0.9532 0.9773 0.9693 0.9908 0.9334 0.9458 0.9507 0.9661 0.9657 0.9651 0.9809 0.9776
ARRERNTE_CENTRAL               0.9637 0.6305 0.9654 0.0000 0.1101 0.9339 0.9394 0.9546 0.9419 0.9373 0.9453 0.9589 0.9400 0.9644 0.9527 0.9589 0.9527 0.9394 0.9407 0.9667 0.9419 0.9425 0.9670 0.9667 0.9648 0.9644 0.9431 0.9342 0.9527 0.9126 0.9640 0.9527 0.9501 0.9644 0.7927 0.9400 0.9248 0.9532 0.9394 0.9778 0.9541 0.9517 0.9265 0.9517 0.9644 0.8996 0.9532 0.9654 0.9052 0.9442 0.9574 0.9537 0.9495 0.9495 0.9517 0.9320 0.9648 0.9527 0.9373 0.9532 0.9532 0.9304 0.9325 0.9664 0.9651 0.9554 0.9637 0.9418 0.9129 0.9546 0.9297 0.9463 0.9644 0.9394 0.9358 0.9507 0.9400 0.9431 0.9407 0.9657 0.9442 0.9546 0.9256 0.9350 0.9192 0.9083 0.9394 0.9120 0.9484 0.9614 0.9365 0.9447 0.9447 0.9407 0.9484 0.4520 0.9436 0.9447 0.9380 0.9407 0.9686 0.9419 0.9611 0.9563 0.9559 0.9654 0.9495 0.9628 0.9517 0.9495 0.9537 0.9559 0.9304 0.9289 0.9720 0.9126
ARRERNTE_EASTERN               0.9633 0.6239 0.9651 0.1101 0.0000 0.9453 0.9522 0.9667 0.9541 0.9507 0.9567 0.9695 0.9527 0.9640 0.9654 0.9695 0.9654 0.9522 0.9532 0.9787 0.9541 0.9546 0.9789 0.9787 0.9778 0.9776 0.9550 0.9484 0.9654 0.9256 0.9774 0.9654 0.9637 0.9640 0.7896 0.9527 0.9517 0.9657 0.9522 0.9776 0.9537 0.9648 0.9256 0.9512 0.9776 0.9126 0.9657 0.9781 0.9041 0.9559 0.9686 0.9661 0.9490 0.9633 0.9648 0.9418 0.9644 0.9654 0.9507 0.9657 0.9657 0.9425 0.9442 0.9661 0.9648 0.9672 0.9633 0.9617 0.9240 0.9541 0.9419 0.9574 0.9640 0.9522 0.9495 0.9501 0.9527 0.9550 0.9532 0.9783 0.9559 0.9667 0.9387 0.9490 0.9311 0.9220 0.9522 0.9233 0.9625 0.9712 0.9358 0.9563 0.9563 0.9532 0.9477 0.4693 0.9531 0.9563 0.9512 0.9532 0.9683 0.9541 0.9710 0.9678 0.9675 0.9781 0.9599 0.9721 0.9648 0.9633 0.9661 0.9675 0.9425 0.9413 0.9814 0.9256
AWABAKAL                       0.9784 0.9527 0.9672 0.9339 0.9453 0.0000 0.8323 0.8403 0.9453 0.8094 0.8641 0.9289 0.8638 0.8996 0.9041 0.9178 0.9431 0.9174 0.8794 0.8807 0.8403 0.8130 0.8685 0.8942 0.8865 0.8996 0.8440 0.8160 0.8621 0.8493 0.8837 0.9174 0.9265 0.9136 0.9541 0.8638 0.8605 0.9052 0.8765 0.9273 0.9201 0.9156 0.9311 0.9019 0.8996 0.8930 0.9052 0.9297 0.8729 0.8743 0.8906 0.8511 0.8971 0.9256 0.8119 0.9353 0.9008 0.8905 0.8094 0.8779 0.9052 0.8714 0.9248 0.9442 0.9419 0.9345 0.9657 0.8937 0.9178 0.8953 0.8278 0.9037 0.8551 0.8621 0.8041 0.9537 0.8917 0.8976 0.8930 0.9174 0.8871 0.8953 0.7844 0.8822 0.9120 0.8415 0.8765 0.9170 0.9380 0.8917 0.8703 0.8217 0.9008 0.8511 0.8634 0.9582 0.8765 0.8626 0.7955 0.9192 0.8769 0.6936 0.9017 0.8871 0.8729 0.9165 0.9099 0.9363 0.8587 0.8513 0.8930 0.8859 0.9102 0.8546 0.8731 0.9052
BIDJARA                        0.9465 0.9617 0.9637 0.9394 0.9522 0.8323 0.0000 0.8329 0.9248 0.7557 0.7467 0.8821 0.8079 0.8841 0.8407 0.8821 0.8903 0.8577 0.8107 0.7392 0.8493 0.7276 0.6822 0.8134 0.8857 0.8310 0.8532 0.4954 0.7864 0.8429 0.8470 0.9059 0.8650 0.8122 0.9484 0.8429 0.2927 0.8917 0.8577 0.9325 0.9517 0.9190 0.9071 0.8873 0.8670 0.8776 0.8759 0.9495 0.8551 0.7754 0.7844 0.7549 0.9146 0.9308 0.7175 0.9178 0.8689 0.8743 0.7557 0.8759 0.8597 0.8041 0.9156 0.9230 0.9342 0.9265 0.9308 0.8697 0.8685 0.9105 0.7838 0.8638 0.8841 0.8903 0.7893 0.9325 0.8917 0.8837 0.8931 0.8050 0.8719 0.8493 0.7053 0.8446 0.8865 0.7959 0.8231 0.8942 0.9451 0.8276 0.8493 0.7955 0.8119 0.8616 0.8771 0.9537 0.7719 0.8119 0.7389 0.8616 0.8605 0.7986 0.8118 0.8569 0.8234 0.9047 0.8743 0.9408 0.8360 0.8807 0.8107 0.8551 0.8837 0.8807 0.8200 0.8429
BUNGANDITJ                     0.9633 0.9633 0.9517 0.9546 0.9667 0.8403 0.8329 0.0000 0.9413 0.7706 0.8384 0.9473 0.8670 0.8050 0.9105 0.9120 0.9105 0.8652 0.8373 0.8851 0.8865 0.8119 0.8415 0.8703 0.9365 0.9210 0.8605 0.8515 0.8807 0.9116 0.8888 0.9248 0.9350 0.8903 0.9644 0.8971 0.8472 0.8971 0.9105 0.9358 0.9537 0.9512 0.9527 0.8616 0.9059 0.8837 0.9256 0.9380 0.9174 0.9052 0.8685 0.8687 0.9034 0.9190 0.8282 0.9099 0.8917 0.8807 0.8257 0.8513 0.8822 0.9165 0.9062 0.8837 0.9083 0.9030 0.9490 0.8979 0.8997 0.8865 0.8879 0.8965 0.8743 0.8958 0.8557 0.9640 0.9394 0.9297 0.9400 0.8958 0.8917 0.9008 0.7622 0.9034 0.8917 0.8597 0.8652 0.9111 0.9625 0.7521 0.9059 0.8794 0.7569 0.7868 0.7927 0.9675 0.8448 0.8654 0.7741 0.8837 0.8083 0.8257 0.8711 0.8917 0.9041 0.9380 0.9037 0.9527 0.8616 0.8536 0.8983 0.8765 0.9030 0.8257 0.8761 0.9116
DALWONGO                       0.9773 0.9490 0.9908 0.9419 0.9541 0.9453 0.9248 0.9413 0.0000 0.9507 0.9567 0.7096 0.9394 0.9501 0.7622 0.7096 0.9248 0.8958 0.9265 0.9136 0.9413 0.9419 0.9281 0.9407 0.7511 0.6833 0.9425 0.9334 0.9522 0.9657 0.9495 0.8958 0.9637 0.9640 0.9644 0.9657 0.9239 0.9256 0.9654 0.9501 0.9664 0.9512 0.9657 0.9512 0.5872 0.9265 0.6214 0.9651 0.9554 0.9559 0.9686 0.9400 0.9490 0.9773 0.9373 0.9520 0.9507 0.9248 0.9071 0.9394 0.9657 0.9425 0.9796 0.9661 0.9648 0.9425 0.9633 0.9516 0.9695 0.9789 0.9419 0.7822 0.9358 0.9522 0.9201 0.9640 0.9527 0.9672 0.9661 0.9522 0.9436 0.9541 0.9522 0.9190 0.9678 0.9365 0.9387 0.9468 0.9477 0.9611 0.9776 0.9442 0.9442 0.9532 0.9625 0.9675 0.9432 0.9563 0.9373 0.9661 0.9325 0.9413 0.9608 0.9183 0.9554 0.7957 0.9599 0.9527 0.9512 0.9342 0.9661 0.9675 0.8144 0.9413 0.9208 0.9394
DARLING                        0.9279 0.9758 0.9625 0.9373 0.9507 0.8094 0.7557 0.7706 0.9507 0.0000 0.8394 0.9183 0.7596 0.8422 0.8857 0.9052 0.9180 0.9180 0.8021 0.8407 0.8257 0.7549 0.8257 0.8231 0.9308 0.8965 0.8634 0.8139 0.8689 0.8707 0.8397 0.9021 0.8771 0.8029 0.9617 0.8873 0.7517 0.8536 0.8857 0.9458 0.9501 0.9158 0.8873 0.8825 0.9299 0.9047 0.9190 0.9477 0.8807 0.8351 0.8415 0.8205 0.9109 0.9279 0.7254 0.9269 0.8446 0.8515 0.7858 0.8360 0.8707 0.8634 0.8983 0.8725 0.8994 0.9094 0.9444 0.8906 0.8779 0.8597 0.8451 0.8879 0.8422 0.8857 0.7996 0.9299 0.9190 0.8945 0.9047 0.8515 0.8971 0.8759 0.7557 0.7523 0.8822 0.7858 0.8515 0.8765 0.9259 0.8073 0.8422 0.8373 0.8210 0.8205 0.8107 0.9522 0.8461 0.8532 0.7026 0.8021 0.8703 0.7896 0.8476 0.8513 0.8493 0.9325 0.8278 0.9500 0.7687 0.8371 0.8888 0.8807 0.8945 0.8917 0.8542 0.8707
DHARUMBAL                      0.9105 0.9654 0.9546 0.9453 0.9567 0.8641 0.7467 0.8384 0.9567 0.8394 0.0000 0.9056 0.8621 0.9400 0.9030 0.9282 0.8892 0.8750 0.8034 0.8213 0.8670 0.7632 0.7601 0.8364 0.9273 0.8983 0.8965 0.7586 0.7644 0.8621 0.8822 0.9165 0.9116 0.8041 0.9537 0.8905 0.7785 0.8905 0.8750 0.9265 0.9442 0.9413 0.9174 0.9413 0.9265 0.8779 0.8905 0.9289 0.8714 0.8729 0.8509 0.8344 0.9387 0.9387 0.8094 0.9042 0.8703 0.8892 0.8394 0.9041 0.8905 0.8278 0.8997 0.9183 0.9146 0.9217 0.9387 0.8818 0.8697 0.9073 0.8546 0.8906 0.8041 0.8750 0.8351 0.9661 0.9041 0.8965 0.8917 0.8605 0.8729 0.8384 0.7467 0.8807 0.8859 0.8551 0.8302 0.9047 0.9648 0.9017 0.9265 0.8196 0.9120 0.9052 0.9083 0.9463 0.8535 0.8476 0.7577 0.8493 0.9129 0.8235 0.8310 0.8027 0.8298 0.8735 0.9201 0.9454 0.8569 0.8807 0.8344 0.8579 0.9092 0.8807 0.8135 0.8621
DHUWAL                         0.9790 0.9546 0.9797 0.9589 0.9695 0.9289 0.8821 0.9473 0.7096 0.9183 0.9056 0.0000 0.9217 0.9431 0.5274 0.5229 0.7953 0.8546 0.9102 0.8859 0.9240 0.9129 0.9120 0.9111 0.5753 0.5450 0.9255 0.9146 0.9453 0.9458 0.9165 0.8821 0.9550 0.9041 0.9559 0.9688 0.8942 0.9339 0.9209 0.9431 0.9693 0.9680 0.9688 0.9563 0.6951 0.9102 0.6005 0.9683 0.9262 0.9381 0.9398 0.9225 0.9670 0.9790 0.9062 0.9373 0.9436 0.9570 0.8917 0.9574 0.9574 0.9255 0.9495 0.9345 0.9318 0.9700 0.9546 0.9272 0.9314 0.9585 0.9129 0.6733 0.8765 0.9453 0.9030 0.9793 0.9458 0.9592 0.9578 0.9453 0.9269 0.9240 0.9083 0.8879 0.9381 0.9052 0.8821 0.8979 0.9136 0.9260 0.9304 0.9162 0.9387 0.9463 0.9537 0.9595 0.9294 0.9495 0.9062 0.9102 0.9170 0.9120 0.8946 0.9269 0.9262 0.7077 0.9235 0.9289 0.9192 0.9019 0.9578 0.9702 0.6087 0.9358 0.9278 0.9339
DIYARI                         0.9621 0.9621 0.9501 0.9400 0.9527 0.8638 0.8079 0.8670 0.9394 0.7596 0.8621 0.9217 0.0000 0.9021 0.9365 0.9458 0.8917 0.9220 0.8634 0.8652 0.8513 0.8041 0.8670 0.8807 0.9490 0.9180 0.8551 0.8446 0.9071 0.8776 0.8310 0.9507 0.8841 0.8689 0.9490 0.8931 0.8050 0.8616 0.8917 0.9334 0.9387 0.9047 0.9083 0.9047 0.9334 0.8945 0.9512 0.9501 0.9008 0.8119 0.8344 0.8305 0.9317 0.9158 0.7831 0.9186 0.8360 0.8759 0.8178 0.8616 0.8451 0.8851 0.8750 0.9094 0.9047 0.9407 0.9317 0.8831 0.8965 0.8513 0.8041 0.9192 0.8857 0.8759 0.8493 0.9484 0.8931 0.8996 0.8945 0.9071 0.8735 0.8670 0.7896 0.7687 0.8879 0.7797 0.8597 0.8821 0.9458 0.8807 0.8689 0.8892 0.8750 0.8634 0.8422 0.9413 0.8523 0.8750 0.7831 0.8305 0.9041 0.8185 0.8795 0.8435 0.8257 0.9210 0.7301 0.9413 0.7831 0.8650 0.8472 0.8569 0.9273 0.8971 0.8843 0.8931
DJADJALA                       0.9599 0.9599 0.9471 0.9644 0.9640 0.8996 0.8841 0.8050 0.9501 0.8422 0.9400 0.9431 0.9021 0.0000 0.9008 0.9041 0.9477 0.9325 0.8873 0.9201 0.9210 0.8917 0.9059 0.8557 0.9299 0.9122 0.8776 0.9083 0.9169 0.9629 0.9279 0.9625 0.9444 0.9122 0.9612 0.9484 0.8825 0.9629 0.9169 0.9451 0.9350 0.9308 0.9334 0.3687 0.9122 0.9190 0.9180 0.9767 0.9239 0.9248 0.8851 0.9034 0.9436 0.9436 0.8979 0.9595 0.9134 0.9477 0.8609 0.9180 0.9180 0.9373 0.9394 0.9034 0.9308 0.9780 0.9599 0.9592 0.9554 0.9210 0.9071 0.9008 0.8949 0.9325 0.8565 0.9760 0.9629 0.9648 0.9633 0.9008 0.9387 0.9358 0.8493 0.8917 0.9522 0.8790 0.9169 0.9550 0.9589 0.7902 0.9122 0.9256 0.6872 0.3877 0.3963 0.9651 0.8939 0.8971 0.8257 0.9190 0.7122 0.8743 0.9352 0.9248 0.9239 0.9767 0.9453 0.9602 0.8807 0.8542 0.9633 0.9094 0.8931 0.8407 0.8906 0.9484
DJAMBARRPUYNGU                 0.9765 0.9465 0.9908 0.9527 0.9654 0.9041 0.8407 0.9105 0.7622 0.8857 0.9030 0.5274 0.9365 0.9008 0.0000 0.5035 0.8231 0.8231 0.8776 0.8634 0.9105 0.8822 0.8652 0.8792 0.5634 0.5828 0.8983 0.8790 0.9210 0.9507 0.8994 0.8903 0.9621 0.9008 0.9484 0.9644 0.8725 0.9365 0.9210 0.9169 0.9651 0.9633 0.9644 0.9490 0.7077 0.9083 0.6432 0.9774 0.9273 0.9281 0.9174 0.8931 0.9465 0.9765 0.8873 0.9504 0.9484 0.9501 0.8515 0.9507 0.9507 0.9265 0.9419 0.9083 0.9190 0.9532 0.9765 0.9392 0.9453 0.9387 0.8971 0.6606 0.8670 0.9358 0.8825 0.9769 0.9507 0.9532 0.9512 0.9059 0.9146 0.9248 0.8743 0.8630 0.9541 0.8857 0.9059 0.9201 0.8949 0.9037 0.9169 0.9156 0.9019 0.9083 0.9122 0.9787 0.9308 0.9419 0.8707 0.9083 0.8892 0.8807 0.9028 0.9281 0.9136 0.7431 0.9120 0.9302 0.9034 0.8630 0.9512 0.9664 0.6497 0.9105 0.8949 0.9365
DJAPU                          0.9790 0.9419 0.9908 0.9589 0.9695 0.9178 0.8821 0.9120 0.7096 0.9052 0.9282 0.5229 0.9458 0.9041 0.5035 0.0000 0.8685 0.8821 0.8976 0.8859 0.9240 0.9008 0.8743 0.8987 0.5976 0.5685 0.9138 0.9146 0.9332 0.9574 0.9165 0.9083 0.9672 0.9304 0.9559 0.9688 0.8942 0.9339 0.9453 0.9304 0.9693 0.9563 0.9574 0.9442 0.5913 0.9225 0.6005 0.9683 0.9376 0.9491 0.9398 0.9345 0.9419 0.9790 0.9192 0.9558 0.9559 0.9453 0.9052 0.9458 0.9574 0.9370 0.9602 0.9345 0.9442 0.9592 0.9790 0.9554 0.9620 0.9473 0.9129 0.6898 0.9041 0.9453 0.8892 0.9793 0.9688 0.9592 0.9690 0.9209 0.9381 0.9358 0.9083 0.8879 0.9599 0.9052 0.8953 0.9308 0.9136 0.9059 0.9431 0.9387 0.9047 0.9225 0.9273 0.9806 0.9387 0.9495 0.9062 0.9345 0.9056 0.8997 0.9153 0.9381 0.9146 0.7766 0.9235 0.9289 0.9192 0.8879 0.9578 0.9702 0.6087 0.9240 0.8982 0.9339
DJINANG                        0.9617 0.9765 0.9637 0.9527 0.9654 0.9431 0.8903 0.9105 0.9248 0.9180 0.8892 0.7953 0.8917 0.9477 0.8231 0.8685 0.0000 0.6370 0.9083 0.9239 0.9248 0.8822 0.9105 0.9094 0.8150 0.7927 0.9400 0.9299 0.9358 0.8917 0.8994 0.9501 0.9317 0.9008 0.9771 0.9365 0.8888 0.9071 0.8577 0.9625 0.9517 0.9490 0.9507 0.9490 0.8670 0.8931 0.8429 0.9350 0.9273 0.9008 0.8765 0.8616 0.9765 0.9465 0.8873 0.9178 0.8857 0.9358 0.8689 0.9220 0.9220 0.9400 0.8879 0.8931 0.8707 0.9400 0.8979 0.9170 0.9083 0.9522 0.9116 0.7706 0.9008 0.9059 0.8994 0.9625 0.9071 0.9265 0.9230 0.9210 0.9008 0.9105 0.8903 0.9146 0.9146 0.9180 0.8743 0.8942 0.9608 0.9154 0.9169 0.8879 0.9156 0.9230 0.9122 0.9407 0.9201 0.9156 0.8873 0.8616 0.9297 0.8958 0.8906 0.8865 0.9136 0.8557 0.8743 0.9512 0.8873 0.9308 0.8931 0.9136 0.8210 0.8958 0.9289 0.9220
DJINBA                         0.9765 0.9765 0.9637 0.9394 0.9522 0.9174 0.8577 0.8652 0.8958 0.9180 0.8750 0.8546 0.9220 0.9325 0.8231 0.8821 0.6370 0.0000 0.9083 0.9094 0.8958 0.8822 0.9105 0.9094 0.8336 0.8310 0.9400 0.8965 0.9358 0.8917 0.9158 0.9776 0.9471 0.9169 0.9629 0.9220 0.8557 0.9365 0.9210 0.9477 0.9380 0.9342 0.9365 0.9342 0.8841 0.9230 0.8597 0.9637 0.9537 0.9008 0.8905 0.8616 0.9617 0.9465 0.8873 0.9504 0.9180 0.9501 0.8857 0.9220 0.9220 0.9400 0.9156 0.9230 0.9034 0.9532 0.9465 0.9500 0.9332 0.9522 0.9394 0.8034 0.9169 0.9210 0.9158 0.9477 0.9071 0.9126 0.9083 0.9059 0.9413 0.9105 0.8743 0.9465 0.9413 0.9021 0.9210 0.9325 0.9608 0.9154 0.9008 0.9289 0.9019 0.9083 0.9451 0.9664 0.9201 0.9019 0.8707 0.8931 0.9297 0.8958 0.9146 0.9413 0.9273 0.8888 0.9358 0.9512 0.9034 0.9146 0.9373 0.9273 0.8210 0.9105 0.9178 0.9365
DUUNGIDJAWU                    0.9169 0.9625 0.9220 0.9407 0.9532 0.8794 0.8107 0.8373 0.9265 0.8021 0.8034 0.9102 0.8634 0.8873 0.8776 0.8976 0.9083 0.9083 0.0000 0.8670 0.8210 0.7356 0.8373 0.7276 0.9201 0.8873 0.8257 0.8284 0.6717 0.8792 0.8857 0.9083 0.8515 0.8360 0.9637 0.9239 0.8257 0.8945 0.9230 0.9034 0.9116 0.8903 0.9094 0.9210 0.9034 0.9105 0.9094 0.9644 0.8879 0.8892 0.8930 0.8807 0.9008 0.8841 0.7671 0.9193 0.8725 0.9230 0.8725 0.8945 0.9094 0.8415 0.9174 0.9105 0.9210 0.9413 0.9008 0.8960 0.8976 0.9126 0.8551 0.8670 0.8707 0.9230 0.8515 0.9342 0.9380 0.9281 0.9387 0.7741 0.8892 0.8532 0.7351 0.8493 0.8892 0.8384 0.8616 0.8965 0.9617 0.8180 0.9190 0.8765 0.8621 0.8493 0.8630 0.9419 0.8657 0.8905 0.7472 0.8652 0.8779 0.8210 0.8684 0.6073 0.8435 0.9071 0.8769 0.9418 0.8407 0.8310 0.8493 0.8735 0.8569 0.8687 0.7549 0.8792
DYAABUGAY                      0.9629 0.9908 0.9373 0.9667 0.9787 0.8807 0.7392 0.8851 0.9136 0.8407 0.8213 0.8859 0.8652 0.9201 0.8634 0.8859 0.9239 0.9094 0.8670 0.0000 0.8703 0.8094 0.7898 0.8837 0.9059 0.8557 0.8879 0.7301 0.8792 0.8958 0.7596 0.9239 0.9034 0.8205 0.9776 0.8652 0.7549 0.8807 0.8945 0.9201 0.9532 0.9365 0.9387 0.9365 0.8888 0.9256 0.9105 0.9648 0.9030 0.8905 0.8807 0.8670 0.9180 0.9180 0.8257 0.9308 0.9059 0.8792 0.8577 0.9105 0.8958 0.8735 0.9436 0.9527 0.9644 0.9156 0.9334 0.9083 0.9111 0.9407 0.8257 0.8821 0.8888 0.8945 0.8536 0.9495 0.9105 0.9156 0.9116 0.8792 0.8905 0.8851 0.7957 0.8515 0.9041 0.8231 0.8634 0.9345 0.9158 0.8711 0.9201 0.8779 0.9183 0.9116 0.9158 0.9672 0.8670 0.8493 0.8079 0.8670 0.9062 0.8551 0.8697 0.8905 0.8455 0.8451 0.9028 0.9423 0.8597 0.8857 0.7077 0.8605 0.9019 0.8851 0.8865 0.8958
DYANGADI                       0.9773 0.9633 0.9517 0.9419 0.9541 0.8403 0.8493 0.8865 0.9413 0.8257 0.8670 0.9240 0.8513 0.9210 0.9105 0.9240 0.9248 0.8958 0.8210 0.8703 0.0000 0.8119 0.8569 0.8551 0.9220 0.8903 0.7982 0.8336 0.8807 0.8971 0.8725 0.9387 0.9047 0.9059 0.9644 0.8822 0.8472 0.8971 0.8807 0.9501 0.9537 0.8931 0.8971 0.9373 0.9059 0.9126 0.9116 0.9651 0.9041 0.8917 0.9083 0.8687 0.9034 0.9190 0.8282 0.9520 0.9071 0.9248 0.8597 0.8971 0.9116 0.8750 0.9442 0.9532 0.9512 0.9550 0.9633 0.8979 0.9240 0.9008 0.8435 0.8834 0.8407 0.8807 0.8205 0.9501 0.8822 0.8892 0.8837 0.8493 0.8917 0.8569 0.7986 0.8536 0.9183 0.7896 0.8807 0.8859 0.9477 0.8843 0.9059 0.8511 0.9062 0.8837 0.9008 0.9431 0.8682 0.8059 0.8282 0.8983 0.9201 0.8094 0.9065 0.8638 0.8621 0.9380 0.8795 0.9427 0.8451 0.7991 0.8983 0.9174 0.8892 0.8719 0.8643 0.9256
GAMILARAAY                     0.9350 0.9637 0.9387 0.9425 0.9546 0.8130 0.7276 0.8119 0.9419 0.7549 0.7632 0.9129 0.8041 0.8917 0.8822 0.9008 0.8822 0.8822 0.7356 0.8094 0.8119 0.0000 0.7785 0.7394 0.9083 0.8759 0.8008 0.7389 0.7838 0.8687 0.8231 0.9394 0.8743 0.7896 0.9648 0.8983 0.7622 0.8210 0.8670 0.9365 0.9667 0.9239 0.9265 0.8945 0.8917 0.8551 0.8983 0.8958 0.8191 0.8364 0.8130 0.7723 0.9047 0.9047 0.6084 0.8998 0.8451 0.8670 0.7927 0.8687 0.8532 0.8474 0.8807 0.8851 0.9094 0.9174 0.9350 0.8643 0.8883 0.8587 0.7285 0.8440 0.8079 0.8971 0.7671 0.9365 0.8983 0.9041 0.8996 0.7656 0.8654 0.8435 0.5736 0.7831 0.8794 0.7549 0.8014 0.8743 0.9484 0.8367 0.8917 0.8529 0.8384 0.8394 0.8515 0.9436 0.8463 0.8384 0.6084 0.8234 0.8403 0.7056 0.8602 0.7737 0.8344 0.9105 0.8428 0.9432 0.7957 0.8205 0.8394 0.8779 0.8765 0.8587 0.7630 0.8532
GANGULU                        0.9633 0.9908 0.9781 0.9670 0.9789 0.8685 0.6822 0.8415 0.9281 0.8257 0.7601 0.9120 0.8670 0.9059 0.8652 0.8743 0.9105 0.9105 0.8373 0.7898 0.8569 0.7785 0.0000 0.8234 0.9071 0.8903 0.8455 0.6900 0.8329 0.8670 0.8384 0.9387 0.9201 0.8743 0.9778 0.8822 0.6985 0.8351 0.8493 0.9210 0.9664 0.9373 0.9394 0.9230 0.8903 0.8837 0.8822 0.8945 0.8765 0.8034 0.8257 0.8041 0.9190 0.9342 0.7927 0.8876 0.8429 0.8958 0.8079 0.8822 0.8971 0.8605 0.8930 0.8687 0.8931 0.9030 0.9633 0.8630 0.8611 0.9146 0.8280 0.8563 0.8743 0.9105 0.8725 0.9640 0.8971 0.8892 0.8983 0.8329 0.8493 0.8719 0.7235 0.8536 0.8638 0.8597 0.8160 0.9111 0.9477 0.8724 0.9210 0.7569 0.8930 0.8687 0.8670 0.9675 0.8567 0.8511 0.7741 0.9126 0.9073 0.8257 0.8461 0.8638 0.8323 0.9094 0.9037 0.9325 0.8776 0.8707 0.8210 0.8905 0.8892 0.9146 0.8523 0.8971
GIDABAL                        0.9180 0.9629 0.9648 0.9667 0.9787 0.8942 0.8134 0.8703 0.9407 0.8231 0.8364 0.9111 0.8807 0.8557 0.8792 0.8987 0.9094 0.9094 0.7276 0.8837 0.8551 0.7394 0.8234 0.0000 0.9210 0.8888 0.8735 0.8670 0.7957 0.8958 0.8873 0.8945 0.8873 0.8725 0.9640 0.9387 0.8451 0.9105 0.9094 0.9495 0.9532 0.9365 0.9522 0.9220 0.9047 0.9256 0.9105 0.9230 0.9297 0.9174 0.8670 0.8822 0.9334 0.9629 0.7511 0.9413 0.9059 0.9094 0.8743 0.9248 0.9387 0.8587 0.9183 0.9116 0.9220 0.9419 0.9180 0.9193 0.9233 0.9136 0.8865 0.8685 0.8384 0.9094 0.8707 0.9350 0.9387 0.9289 0.9394 0.4468 0.9174 0.8996 0.7586 0.8515 0.9174 0.8577 0.8472 0.8847 0.9621 0.8831 0.9047 0.8917 0.8638 0.8670 0.8470 0.9672 0.8670 0.8779 0.7511 0.9116 0.8364 0.8234 0.8819 0.8008 0.8302 0.9373 0.9028 0.9523 0.8759 0.8515 0.8822 0.8892 0.8879 0.8996 0.5565 0.8958
GOBABINGO                      0.9908 0.9603 0.9769 0.9648 0.9778 0.8865 0.8857 0.9365 0.7511 0.9308 0.9273 0.5753 0.9490 0.9299 0.5634 0.5976 0.8150 0.8336 0.9201 0.9059 0.9220 0.9083 0.9071 0.9210 0.0000 0.3539 0.9094 0.8917 0.9484 0.9490 0.9289 0.9180 0.9608 0.9299 0.9617 0.9633 0.9008 0.9034 0.9484 0.9458 0.9640 0.9621 0.9773 0.9471 0.5864 0.9201 0.5440 0.9625 0.9522 0.9394 0.9281 0.8725 0.9603 0.9603 0.9317 0.9491 0.9146 0.9334 0.8446 0.9342 0.9633 0.9380 0.9532 0.9350 0.9158 0.9239 0.9758 0.9376 0.9559 0.9644 0.9083 0.6860 0.9134 0.9334 0.8949 0.9763 0.9342 0.9517 0.9495 0.9484 0.9256 0.9220 0.9021 0.9279 0.9657 0.9146 0.9180 0.9304 0.9429 0.9364 0.9612 0.9126 0.9265 0.9201 0.9429 0.9783 0.9289 0.9400 0.9158 0.9201 0.9136 0.9220 0.9240 0.9256 0.9387 0.7517 0.9458 0.9500 0.9317 0.8934 0.9637 0.9654 0.6550 0.9220 0.9269 0.9342
GOMAIDJ                        0.9908 0.9599 0.9621 0.9644 0.9776 0.8996 0.8310 0.9210 0.6833 0.8965 0.8983 0.5450 0.9180 0.9122 0.5828 0.5685 0.7927 0.8310 0.8873 0.8557 0.8903 0.8759 0.8903 0.8888 0.3539 0.0000 0.8931 0.8712 0.9169 0.9484 0.8934 0.8841 0.9279 0.8949 0.9612 0.9629 0.8470 0.8857 0.9169 0.9451 0.9637 0.9617 0.9771 0.9465 0.3775 0.9034 0.4748 0.9621 0.9517 0.9248 0.9136 0.8360 0.9436 0.9599 0.9146 0.9595 0.9134 0.9325 0.8229 0.9334 0.9484 0.9230 0.9527 0.9342 0.9308 0.9373 0.9599 0.9255 0.9431 0.9501 0.8759 0.6392 0.8771 0.9325 0.8565 0.9760 0.9334 0.9512 0.9490 0.9169 0.9248 0.8903 0.8493 0.8917 0.9522 0.8790 0.9008 0.9030 0.9421 0.9120 0.9608 0.8822 0.9116 0.9034 0.9248 0.9651 0.9170 0.9116 0.8807 0.9034 0.9126 0.8903 0.9111 0.8958 0.9239 0.7475 0.9209 0.9495 0.9146 0.8542 0.9490 0.9651 0.6016 0.9059 0.9146 0.9180
GUMBAYNGGIR                    0.9908 0.9640 0.9657 0.9431 0.9550 0.8440 0.8532 0.8605 0.9425 0.8634 0.8965 0.9255 0.8551 0.8776 0.8983 0.9138 0.9400 0.9400 0.8257 0.8879 0.7982 0.8008 0.8455 0.8735 0.9094 0.8931 0.0000 0.8205 0.8983 0.9136 0.8917 0.9400 0.9220 0.9083 0.9781 0.8996 0.8670 0.8851 0.8983 0.9230 0.9546 0.9105 0.9136 0.8958 0.8931 0.9008 0.8996 0.9527 0.8930 0.8807 0.8847 0.8865 0.9358 0.9210 0.8329 0.9325 0.8792 0.8837 0.8634 0.9136 0.8996 0.9052 0.9083 0.9413 0.9387 0.9183 0.9640 0.8773 0.9255 0.9030 0.8323 0.8729 0.8776 0.8983 0.8257 0.9648 0.9136 0.9183 0.9146 0.8983 0.8529 0.8750 0.7868 0.8577 0.9201 0.8134 0.8837 0.9008 0.9034 0.8749 0.9230 0.8685 0.8546 0.8257 0.8360 0.9563 0.8594 0.8403 0.8160 0.8865 0.8965 0.8302 0.9083 0.8807 0.8654 0.9394 0.8572 0.9337 0.8329 0.7053 0.9146 0.9192 0.9052 0.8455 0.8785 0.8851
GUNYA                          0.9583 0.9583 0.9608 0.9342 0.9484 0.8160 0.4954 0.8515 0.9334 0.8139 0.7586 0.9146 0.8446 0.9083 0.8790 0.9146 0.9299 0.8965 0.8284 0.7301 0.8336 0.7389 0.6900 0.8670 0.8917 0.8712 0.8205 0.0000 0.8029 0.8807 0.8691 0.9299 0.8883 0.8316 0.9269 0.8630 0.5481 0.8807 0.8422 0.9429 0.9477 0.9109 0.9146 0.9109 0.8901 0.8650 0.8807 0.9451 0.8407 0.8257 0.8160 0.7687 0.8865 0.9054 0.7746 0.9120 0.8139 0.8422 0.7706 0.8446 0.8807 0.8205 0.9083 0.9158 0.9279 0.9047 0.9237 0.8729 0.8865 0.8857 0.7596 0.8670 0.8901 0.8790 0.7622 0.9259 0.8630 0.8725 0.8650 0.8790 0.8429 0.8689 0.6917 0.8467 0.8917 0.7927 0.8029 0.9136 0.9396 0.8700 0.8901 0.7927 0.8616 0.8470 0.8624 0.9501 0.8257 0.8107 0.7050 0.8650 0.8792 0.7761 0.8403 0.8597 0.8407 0.9122 0.9052 0.9482 0.8371 0.8467 0.7893 0.8577 0.8888 0.8515 0.8337 0.8807
GURENG_GURENG                  0.9146 0.9617 0.9495 0.9527 0.9654 0.8621 0.7864 0.8807 0.9522 0.8689 0.7644 0.9453 0.9071 0.9169 0.9210 0.9332 0.9358 0.9358 0.6717 0.8792 0.8807 0.7838 0.8329 0.7957 0.9484 0.9169 0.8983 0.8029 0.0000 0.9220 0.9158 0.9358 0.8650 0.8670 0.9629 0.9365 0.8205 0.8917 0.9210 0.9477 0.9380 0.9490 0.9507 0.9034 0.9325 0.9083 0.9365 0.9350 0.8996 0.9008 0.8765 0.8776 0.9465 0.9308 0.8178 0.9065 0.9180 0.9059 0.8515 0.9071 0.8917 0.8687 0.9289 0.9512 0.9490 0.9265 0.9308 0.8939 0.8953 0.9248 0.8351 0.9183 0.9008 0.9210 0.8650 0.9477 0.9507 0.9532 0.9512 0.8231 0.8865 0.8958 0.7671 0.8979 0.9008 0.8515 0.8407 0.9073 0.9760 0.8795 0.9625 0.8879 0.9156 0.8776 0.8949 0.9537 0.8749 0.8879 0.7797 0.9083 0.9297 0.8493 0.8655 0.7206 0.8551 0.9201 0.9120 0.9512 0.8536 0.8979 0.8776 0.9136 0.9400 0.9105 0.8332 0.8917
GURINDJI                       0.9471 0.9317 0.9640 0.9126 0.9256 0.8493 0.8429 0.9116 0.9657 0.8707 0.8621 0.9458 0.8776 0.9629 0.9507 0.9574 0.8917 0.8917 0.8792 0.8958 0.8971 0.8687 0.8670 0.8958 0.9490 0.9484 0.9136 0.8807 0.9220 0.0000 0.8670 0.9507 0.9008 0.9334 0.9490 0.8616 0.8743 0.8776 0.9071 0.9629 0.9522 0.9201 0.9373 0.9495 0.9484 0.8634 0.9373 0.9059 0.8719 0.8735 0.8779 0.8472 0.9317 0.9158 0.8021 0.8960 0.8873 0.9071 0.8707 0.8931 0.8616 0.8703 0.9030 0.9239 0.9201 0.8996 0.9471 0.8461 0.8700 0.9256 0.8687 0.9192 0.9180 0.8759 0.8841 0.9629 0.8776 0.8996 0.8945 0.8917 0.9019 0.8014 0.8597 0.9158 0.8587 0.8707 0.8759 0.8403 0.9612 0.9276 0.8515 0.8892 0.9550 0.9380 0.9299 0.9146 0.8523 0.8750 0.8725 0.8945 0.9431 0.8822 0.8795 0.8587 0.8865 0.9358 0.8883 0.9308 0.8557 0.8994 0.8634 0.8719 0.9407 0.8971 0.8960 0.8282
GUUGU_YIMIDHIR                 0.9429 0.9908 0.9617 0.9640 0.9774 0.8837 0.8470 0.8888 0.9495 0.8397 0.8822 0.9165 0.8310 0.9279 0.8994 0.9165 0.8994 0.9158 0.8857 0.7596 0.8725 0.8231 0.8384 0.8873 0.9289 0.8934 0.8917 0.8691 0.9158 0.8670 0.0000 0.9317 0.8917 0.8934 0.9760 0.8493 0.8446 0.8310 0.8470 0.9279 0.9490 0.9134 0.9325 0.9458 0.9109 0.9180 0.9325 0.9308 0.9083 0.8634 0.8687 0.8689 0.9259 0.9429 0.8229 0.9370 0.8949 0.8994 0.8587 0.8841 0.9169 0.9071 0.9105 0.9021 0.9299 0.9220 0.9429 0.9129 0.9030 0.9047 0.8743 0.9273 0.9109 0.8092 0.8917 0.9279 0.8493 0.8597 0.8336 0.8994 0.8792 0.9047 0.7893 0.8107 0.8945 0.8587 0.8650 0.9289 0.9583 0.8729 0.8752 0.8958 0.8807 0.9021 0.8865 0.9648 0.8428 0.8329 0.8029 0.8689 0.9256 0.8384 0.8976 0.8945 0.8282 0.8807 0.8807 0.9269 0.8422 0.8901 0.7761 0.8451 0.8917 0.9047 0.9018 0.9169
KALA_LAGGAW_YA                 0.9617 0.9465 0.9774 0.9527 0.9654 0.9174 0.9059 0.9248 0.8958 0.9021 0.9165 0.8821 0.9507 0.9625 0.8903 0.9083 0.9501 0.9776 0.9083 0.9239 0.9387 0.9394 0.9387 0.8945 0.9180 0.8841 0.9400 0.9299 0.9358 0.9507 0.9317 0.0000 0.9158 0.9008 0.9629 0.9507 0.9201 0.9220 0.8903 0.9325 0.9517 0.9633 0.9778 0.9633 0.9008 0.9083 0.8917 0.9637 0.9407 0.9413 0.9675 0.9512 0.9617 0.9765 0.9034 0.9504 0.9629 0.9059 0.9021 0.9507 0.9507 0.9126 0.9289 0.9373 0.9342 0.9400 0.9465 0.9392 0.9209 0.9654 0.9256 0.9183 0.8841 0.9059 0.8994 0.9625 0.9507 0.9400 0.9373 0.9210 0.9281 0.9105 0.9210 0.8979 0.9146 0.9180 0.8903 0.9201 0.9608 0.9381 0.9908 0.8587 0.9419 0.9512 0.9608 0.9537 0.9201 0.9289 0.9190 0.9230 0.9297 0.8958 0.9146 0.9008 0.9537 0.9047 0.9585 0.9512 0.9190 0.8979 0.9373 0.9407 0.9265 0.9387 0.9289 0.9220
KALKUTUNG                      0.9259 0.9753 0.9465 0.9501 0.9637 0.9265 0.8650 0.9350 0.9637 0.8771 0.9116 0.9550 0.8841 0.9444 0.9621 0.9672 0.9317 0.9471 0.8515 0.9034 0.9047 0.8743 0.9201 0.8873 0.9608 0.9279 0.9220 0.8883 0.8650 0.9008 0.8917 0.9158 0.0000 0.9109 0.9608 0.8670 0.8630 0.9008 0.8994 0.9758 0.9490 0.9134 0.9325 0.8965 0.9444 0.9021 0.9625 0.9465 0.9083 0.8945 0.9126 0.8515 0.9259 0.8901 0.8790 0.8895 0.8771 0.9158 0.9122 0.8670 0.9169 0.8917 0.9387 0.9334 0.9458 0.9507 0.9083 0.8626 0.8302 0.9350 0.8577 0.9537 0.9109 0.9158 0.9096 0.9279 0.9169 0.9220 0.9180 0.8994 0.8472 0.8725 0.8470 0.8712 0.8472 0.8587 0.8825 0.8280 0.9237 0.9233 0.9444 0.9105 0.9522 0.9180 0.9237 0.9512 0.8928 0.9105 0.8609 0.8515 0.9657 0.8888 0.8976 0.8472 0.8107 0.9308 0.9073 0.9154 0.8790 0.8901 0.9021 0.8931 0.9507 0.9047 0.9255 0.8841
KAURNA                         0.9269 0.9436 0.9471 0.9644 0.9640 0.9136 0.8122 0.8903 0.9640 0.8029 0.8041 0.9041 0.8689 0.9122 0.9008 0.9304 0.9008 0.9169 0.8360 0.8205 0.9059 0.7896 0.8743 0.8725 0.9299 0.8949 0.9083 0.8316 0.8670 0.9334 0.8934 0.9008 0.9109 0.0000 0.9612 0.9484 0.8284 0.8857 0.8841 0.9122 0.9350 0.9465 0.9180 0.9308 0.9289 0.8536 0.8857 0.9317 0.8472 0.8958 0.8551 0.8873 0.9269 0.9599 0.8446 0.8782 0.8229 0.8670 0.8790 0.9021 0.8336 0.9083 0.8822 0.8707 0.8630 0.8931 0.8733 0.8769 0.8621 0.9059 0.8597 0.9008 0.8587 0.9477 0.8371 0.9608 0.9484 0.9230 0.9342 0.8841 0.8329 0.8743 0.7725 0.8542 0.8652 0.8029 0.8310 0.9030 0.9421 0.8871 0.9289 0.8513 0.8971 0.9034 0.9069 0.9380 0.9056 0.8971 0.7858 0.7389 0.8983 0.8577 0.8458 0.8493 0.8945 0.8994 0.9083 0.9808 0.8807 0.9096 0.8707 0.9094 0.9230 0.8743 0.8526 0.8689
KAYTETYE                       0.9444 0.7962 0.9625 0.7927 0.7896 0.9541 0.9484 0.9644 0.9644 0.9617 0.9537 0.9559 0.9490 0.9612 0.9484 0.9559 0.9771 0.9629 0.9637 0.9776 0.9644 0.9648 0.9778 0.9640 0.9617 0.9612 0.9781 0.9269 0.9629 0.9490 0.9760 0.9629 0.9608 0.9612 0.0000 0.9773 0.9477 0.9773 0.9771 0.9612 0.9358 0.9767 0.9633 0.9471 0.9612 0.9201 0.9490 0.9908 0.9387 0.9657 0.9541 0.9495 0.9279 0.9758 0.9621 0.9491 0.9617 0.9629 0.9465 0.9633 0.9633 0.9651 0.9786 0.9637 0.9621 0.9908 0.9444 0.9487 0.9436 0.9507 0.9373 0.9419 0.9612 0.9484 0.9608 0.9458 0.9633 0.9651 0.9637 0.9771 0.9657 0.9507 0.9484 0.9444 0.9394 0.9308 0.9629 0.9174 0.9908 0.9697 0.9612 0.9532 0.9661 0.9637 0.9594 0.8160 0.9504 0.9661 0.9471 0.9637 0.9664 0.9644 0.9695 0.9657 0.9654 0.9769 0.9799 0.9809 0.9621 0.9758 0.9774 0.9654 0.9517 0.9507 0.9704 0.9342
KUKU_UWANH                     0.9471 0.9621 0.9640 0.9400 0.9527 0.8638 0.8429 0.8971 0.9657 0.8873 0.8905 0.9688 0.8931 0.9484 0.9644 0.9688 0.9365 0.9220 0.9239 0.8652 0.8822 0.8983 0.8822 0.9387 0.9633 0.9629 0.8996 0.8630 0.9365 0.8616 0.8493 0.9507 0.8670 0.9484 0.9773 0.0000 0.8407 0.9230 0.8257 0.9484 0.9387 0.8888 0.9083 0.9201 0.9629 0.9094 0.9648 0.9358 0.9008 0.8587 0.8779 0.8792 0.9158 0.9317 0.8725 0.9403 0.9034 0.9071 0.8873 0.9083 0.9083 0.8996 0.9297 0.9517 0.9637 0.9273 0.9471 0.9065 0.9092 0.8971 0.8837 0.9442 0.9334 0.7101 0.9008 0.9629 0.8616 0.8703 0.8634 0.9220 0.9156 0.8971 0.8597 0.9158 0.9019 0.8707 0.8917 0.9332 0.9458 0.9387 0.9021 0.8892 0.9297 0.9239 0.9299 0.9541 0.7008 0.7467 0.9047 0.9380 0.9174 0.8971 0.9037 0.9289 0.9008 0.9501 0.9129 0.9413 0.8888 0.9317 0.8472 0.7577 0.9407 0.8971 0.9295 0.9083
KUNGGARI                       0.9458 0.9612 0.9633 0.9248 0.9517 0.8605 0.2927 0.8472 0.9239 0.7517 0.7785 0.8942 0.8050 0.8825 0.8725 0.8942 0.8888 0.8557 0.8257 0.7549 0.8472 0.7622 0.6985 0.8451 0.9008 0.8470 0.8670 0.5481 0.8205 0.8743 0.8446 0.9201 0.8630 0.8284 0.9477 0.8407 0.0000 0.9059 0.8725 0.9621 0.9648 0.9180 0.9059 0.8857 0.8650 0.9071 0.8903 0.9490 0.8687 0.7898 0.7982 0.7706 0.9134 0.9299 0.7557 0.9170 0.8670 0.8888 0.7927 0.8743 0.8743 0.8351 0.9146 0.9220 0.9334 0.9394 0.9458 0.8684 0.8670 0.9094 0.7986 0.8765 0.8994 0.9047 0.8061 0.9471 0.9059 0.8971 0.9071 0.8557 0.8851 0.8634 0.7221 0.8422 0.8851 0.8122 0.8557 0.8930 0.9444 0.8393 0.8650 0.8257 0.8094 0.8597 0.8752 0.9400 0.7834 0.8094 0.7557 0.8597 0.8587 0.8134 0.8237 0.8551 0.8373 0.9190 0.8729 0.9508 0.8515 0.8965 0.8429 0.8687 0.8822 0.8945 0.8314 0.8577
KURRAMA                        0.9317 0.9908 0.9640 0.9532 0.9657 0.9052 0.8917 0.8971 0.9256 0.8536 0.8905 0.9339 0.8616 0.9629 0.9365 0.9339 0.9071 0.9365 0.8945 0.8807 0.8971 0.8210 0.8351 0.9105 0.9034 0.8857 0.8851 0.8807 0.8917 0.8776 0.8310 0.9220 0.9008 0.8857 0.9773 0.9230 0.9059 0.0000 0.8917 0.9629 0.9783 0.9637 0.9780 0.9350 0.9021 0.7774 0.9083 0.7266 0.7577 0.8735 0.8917 0.8634 0.9317 0.9317 0.8557 0.8960 0.8360 0.5945 0.8707 0.8107 0.7351 0.9136 0.8605 0.8634 0.8725 0.5878 0.9317 0.8065 0.8422 0.9394 0.8687 0.9318 0.9334 0.9220 0.8670 0.9484 0.8931 0.9136 0.9094 0.9220 0.7955 0.8351 0.8429 0.8650 0.8280 0.8707 0.8917 0.9083 0.9299 0.9162 0.9334 0.8455 0.9550 0.9239 0.9299 0.9541 0.8761 0.8892 0.8557 0.8305 0.9554 0.8822 0.9154 0.8587 0.8719 0.8903 0.8756 0.9308 0.8205 0.8994 0.8945 0.9413 0.9273 0.8971 0.9186 0.8282
KUUKU_YAU                      0.9146 0.9617 0.9201 0.9394 0.9522 0.8765 0.8577 0.9105 0.9654 0.8857 0.8750 0.9209 0.8917 0.9169 0.9210 0.9453 0.8577 0.9210 0.9230 0.8945 0.8807 0.8670 0.8493 0.9094 0.9484 0.9169 0.8983 0.8422 0.9210 0.9071 0.8470 0.8903 0.8994 0.8841 0.9771 0.8257 0.8725 0.8917 0.0000 0.9625 0.9517 0.9034 0.9071 0.9034 0.9325 0.8931 0.9220 0.9201 0.9136 0.8865 0.8905 0.8776 0.9308 0.9146 0.8707 0.9289 0.9180 0.9210 0.8689 0.9365 0.9220 0.9126 0.8879 0.9083 0.9190 0.9400 0.9308 0.9056 0.8953 0.8807 0.8670 0.9052 0.8841 0.7864 0.8650 0.9625 0.7511 0.7690 0.7549 0.9059 0.9008 0.8958 0.8231 0.8446 0.8865 0.8515 0.8231 0.9073 0.9122 0.9269 0.9169 0.7955 0.9156 0.8776 0.8771 0.9273 0.8384 0.8119 0.8707 0.9083 0.9165 0.8652 0.8655 0.9008 0.8996 0.9350 0.8871 0.9302 0.8707 0.8979 0.8282 0.8068 0.8837 0.8958 0.9289 0.9220
LAMALAMA_COASTAL               0.9599 0.9756 0.9767 0.9778 0.9776 0.9273 0.9325 0.9358 0.9501 0.9458 0.9265 0.9431 0.9334 0.9451 0.9169 0.9304 0.9625 0.9477 0.9034 0.9201 0.9501 0.9365 0.9210 0.9495 0.9458 0.9451 0.9230 0.9429 0.9477 0.9629 0.9279 0.9325 0.9758 0.9122 0.9612 0.9484 0.9621 0.9629 0.9625 0.0000 0.6305 0.9465 0.9334 0.9465 0.9451 0.9490 0.9484 0.9908 0.9380 0.9387 0.9664 0.9773 0.9269 0.9908 0.9308 0.9702 0.9612 0.9625 0.9299 0.9771 0.9629 0.9083 0.9394 0.9490 0.9465 0.9780 0.8917 0.9700 0.9793 0.9640 0.9365 0.9146 0.9289 0.9169 0.9279 0.8771 0.9180 0.9230 0.9034 0.9477 0.9387 0.9358 0.9008 0.9436 0.9783 0.9299 0.9169 0.9792 0.9421 0.9473 0.9451 0.9394 0.9256 0.9190 0.9248 0.9781 0.9392 0.9256 0.9146 0.9490 0.9400 0.9059 0.9111 0.9522 0.9651 0.9471 0.9570 0.9706 0.9308 0.8917 0.9190 0.9517 0.9512 0.9059 0.9262 0.9484
LAMALAMA_INLAND                0.9334 0.9629 0.9512 0.9541 0.9537 0.9201 0.9517 0.9537 0.9664 0.9501 0.9442 0.9693 0.9387 0.9350 0.9651 0.9693 0.9517 0.9380 0.9116 0.9532 0.9537 0.9667 0.9664 0.9532 0.9640 0.9637 0.9546 0.9477 0.9380 0.9522 0.9490 0.9517 0.9490 0.9350 0.9358 0.9387 0.9648 0.9783 0.9517 0.6305 0.0000 0.9365 0.9248 0.9220 0.9637 0.9394 0.9522 0.9908 0.9425 0.9304 0.9447 0.9527 0.9021 0.9629 0.9644 0.9516 0.9501 0.9651 0.9358 0.9522 0.9783 0.9419 0.9436 0.9527 0.9365 0.9908 0.8689 0.9714 0.9582 0.9537 0.9413 0.9332 0.9495 0.8945 0.9490 0.8205 0.9248 0.9156 0.8971 0.9517 0.9431 0.9537 0.9239 0.9484 0.9675 0.9358 0.9380 0.9690 0.9767 0.9710 0.9774 0.9559 0.9183 0.9116 0.9158 0.9550 0.9325 0.9052 0.9365 0.9527 0.9442 0.9407 0.9392 0.9174 0.9297 0.9648 0.9702 0.9720 0.9507 0.9484 0.9394 0.9165 0.9546 0.8851 0.9201 0.9522
LENINGITIJ                     0.9289 0.9608 0.8515 0.9517 0.9648 0.9156 0.9190 0.9512 0.9512 0.9158 0.9413 0.9680 0.9047 0.9308 0.9633 0.9563 0.9490 0.9342 0.8903 0.9365 0.8931 0.9239 0.9373 0.9365 0.9621 0.9617 0.9105 0.9109 0.9490 0.9201 0.9134 0.9633 0.9134 0.9465 0.9767 0.8888 0.9180 0.9637 0.9034 0.9465 0.9365 0.0000 0.3303 0.9325 0.9465 0.9501 0.9495 0.9771 0.9527 0.9126 0.9419 0.9358 0.9289 0.8587 0.9008 0.9495 0.9471 0.9633 0.9158 0.9495 0.9495 0.9248 0.9537 0.9640 0.9625 0.9783 0.9289 0.9491 0.9563 0.9230 0.9239 0.9425 0.9308 0.9034 0.9458 0.9765 0.8888 0.8807 0.8903 0.9190 0.9265 0.9373 0.9034 0.9122 0.9532 0.8994 0.9342 0.9559 0.9436 0.9482 0.9465 0.9407 0.9136 0.9059 0.9096 0.9657 0.9074 0.8996 0.9169 0.9501 0.9146 0.9083 0.9589 0.9400 0.9394 0.9771 0.9225 0.9710 0.9325 0.9451 0.9059 0.9256 0.9387 0.9230 0.9387 0.9495
LINNGITHIGH                    0.9158 0.9471 0.8407 0.9265 0.9256 0.9311 0.9071 0.9527 0.9657 0.8873 0.9174 0.9688 0.9083 0.9334 0.9644 0.9574 0.9507 0.9365 0.9094 0.9387 0.8971 0.9265 0.9394 0.9522 0.9773 0.9771 0.9136 0.9146 0.9507 0.9373 0.9325 0.9778 0.9325 0.9180 0.9633 0.9083 0.9059 0.9780 0.9071 0.9334 0.9248 0.3303 0.0000 0.9201 0.9629 0.9517 0.9512 0.9908 0.9281 0.9156 0.9436 0.9517 0.9317 0.8825 0.9047 0.9403 0.9490 0.9644 0.9342 0.9648 0.9373 0.9136 0.9425 0.9651 0.9495 0.9787 0.9317 0.9608 0.9574 0.9116 0.9265 0.9442 0.9180 0.9071 0.9325 0.9629 0.9083 0.8851 0.8945 0.9365 0.9419 0.9256 0.9071 0.9317 0.9670 0.9034 0.9220 0.9570 0.9458 0.9602 0.9021 0.9550 0.9165 0.9094 0.8965 0.9413 0.9208 0.8892 0.9201 0.9380 0.9174 0.9116 0.9491 0.9546 0.9413 0.9776 0.9248 0.9716 0.9350 0.9317 0.9239 0.9146 0.9407 0.9394 0.9403 0.9373
MADIMADI                       0.9451 0.9451 0.9484 0.9517 0.9512 0.9019 0.8873 0.8616 0.9512 0.8825 0.9413 0.9563 0.9047 0.3687 0.9490 0.9442 0.9490 0.9342 0.9210 0.9365 0.9373 0.8945 0.9230 0.9220 0.9471 0.9465 0.8958 0.9109 0.9034 0.9495 0.9458 0.9633 0.8965 0.9308 0.9471 0.9201 0.8857 0.9350 0.9034 0.9465 0.9220 0.9325 0.9201 0.0000 0.9465 0.9059 0.9495 0.9629 0.8971 0.9126 0.9156 0.9358 0.9451 0.9289 0.9008 0.9495 0.9158 0.9190 0.8994 0.9201 0.8888 0.9248 0.9407 0.9358 0.9477 0.9522 0.9451 0.9381 0.9442 0.9512 0.8792 0.9425 0.9308 0.9342 0.8609 0.9465 0.9495 0.9522 0.9501 0.9490 0.9265 0.9512 0.8707 0.9289 0.9400 0.8825 0.9190 0.9559 0.9599 0.8509 0.9308 0.9273 0.8068 0.5608 0.5903 0.9527 0.8960 0.9136 0.8670 0.9059 0.7927 0.8931 0.9248 0.9400 0.9116 0.9629 0.9463 0.9608 0.8841 0.8771 0.9640 0.9116 0.9248 0.8776 0.9162 0.9350
MANGGALILI                     0.9908 0.9599 0.9767 0.9644 0.9776 0.8996 0.8670 0.9059 0.5872 0.9299 0.9265 0.6951 0.9334 0.9122 0.7077 0.5913 0.8670 0.8841 0.9034 0.8888 0.9059 0.8917 0.8903 0.9047 0.5864 0.3775 0.8931 0.8901 0.9325 0.9484 0.9109 0.9008 0.9444 0.9289 0.9612 0.9629 0.8650 0.9021 0.9325 0.9451 0.9637 0.9465 0.9629 0.9465 0.0000 0.9190 0.4748 0.9621 0.9517 0.9387 0.9273 0.8707 0.9269 0.9599 0.9308 0.9702 0.9299 0.9325 0.8609 0.9334 0.9484 0.9373 0.9657 0.9490 0.9465 0.9373 0.9756 0.9482 0.9675 0.9501 0.8917 0.7012 0.8949 0.9325 0.8752 0.9760 0.9484 0.9512 0.9490 0.9325 0.9387 0.9059 0.8841 0.9096 0.9654 0.8965 0.9169 0.9165 0.9589 0.9240 0.9608 0.9116 0.9116 0.9034 0.9248 0.9781 0.9282 0.9256 0.9146 0.9342 0.9126 0.9059 0.9352 0.9248 0.9380 0.8284 0.9332 0.9495 0.9308 0.8733 0.9633 0.9651 0.7351 0.9059 0.9146 0.9334
MANTJILTJARA                   0.9477 0.9477 0.9778 0.8996 0.9126 0.8930 0.8776 0.8837 0.9265 0.9047 0.8779 0.9102 0.8945 0.9190 0.9083 0.9225 0.8931 0.9230 0.9105 0.9256 0.9126 0.8551 0.8837 0.9256 0.9201 0.9034 0.9008 0.8650 0.9083 0.8634 0.9180 0.9083 0.9021 0.8536 0.9201 0.9094 0.9071 0.7774 0.8931 0.9490 0.9394 0.9501 0.9517 0.9059 0.9190 0.0000 0.8945 0.8597 0.5542 0.8750 0.9062 0.8958 0.9477 0.9477 0.8903 0.7549 0.7831 0.8107 0.8557 0.8472 0.7957 0.9008 0.8765 0.8807 0.8903 0.8094 0.9325 0.6563 0.6462 0.9126 0.8851 0.8670 0.9190 0.9230 0.8857 0.9342 0.9239 0.9281 0.9387 0.9230 0.7285 0.8373 0.8451 0.9008 0.6291 0.8557 0.8616 0.8278 0.9308 0.9282 0.9034 0.8621 0.9304 0.8958 0.9146 0.9156 0.8998 0.8905 0.8231 0.7622 0.9311 0.8837 0.8807 0.8892 0.8879 0.9220 0.8895 0.9208 0.8743 0.9169 0.9387 0.9419 0.9008 0.8687 0.9193 0.5585
MARARBA                        0.9621 0.9471 0.9776 0.9532 0.9657 0.9052 0.8759 0.9256 0.6214 0.9190 0.8905 0.6005 0.9512 0.9180 0.6432 0.6005 0.8429 0.8597 0.9094 0.9105 0.9116 0.8983 0.8822 0.9105 0.5440 0.4748 0.8996 0.8807 0.9365 0.9373 0.9325 0.8917 0.9625 0.8857 0.9490 0.9648 0.8903 0.9083 0.9220 0.9484 0.9522 0.9495 0.9512 0.9495 0.4748 0.8945 0.0000 0.9501 0.9413 0.9419 0.9183 0.8792 0.9317 0.9621 0.9350 0.9403 0.9034 0.9365 0.8536 0.9373 0.9648 0.9407 0.9425 0.9239 0.9201 0.9407 0.9621 0.9289 0.9458 0.9527 0.8983 0.6848 0.9021 0.9365 0.8841 0.9771 0.9512 0.9407 0.9380 0.9365 0.9289 0.9256 0.8917 0.8994 0.9546 0.9034 0.9071 0.9083 0.9612 0.9276 0.9629 0.8892 0.9165 0.9094 0.9299 0.9667 0.9314 0.9165 0.9047 0.9239 0.9174 0.9116 0.9154 0.9289 0.9413 0.7472 0.9364 0.9516 0.9350 0.8825 0.9651 0.9541 0.6763 0.9116 0.9074 0.9230
