 6
BERIA         0.0000 0.8011 0.8729 0.8596 0.8687 0.8729
BERTI         0.8011 0.0000 0.8744 0.8864 0.8835 0.8744
DAZAGA        0.8729 0.8744 0.0000 0.7860 0.8395 0.0609
KANURI        0.8596 0.8864 0.7860 0.0000 0.4379 0.7860
MANGA_KANURI  0.8687 0.8835 0.8395 0.4379 0.0000 0.8395
TEDAGA        0.8729 0.8744 0.0609 0.7860 0.8395 0.0000
