 25
ABAU_2       0.0000 0.9613 0.9888 0.9627 0.9617 0.9353 0.9888 0.9476 0.9620 0.9492 0.9888 0.9451 0.9624 0.9634 0.9637 0.9624 0.9771 0.9624 0.9888 0.9481 0.9451 0.9631 0.9497 0.9487 0.9617
AK           0.9613 0.0000 0.9476 0.9191 0.8839 0.9481 0.9736 0.9161 0.9613 0.9481 0.9458 0.9279 0.9617 0.9353 0.9360 0.9181 0.9521 0.8004 0.9445 0.9470 0.9742 0.9487 0.9346 0.9617 0.9314
ALAMBLAK     0.9888 0.9476 0.0000 0.9761 0.9481 0.8926 0.9115 0.9756 0.9052 0.9761 0.9476 0.8823 0.9759 0.9237 0.9107 0.9353 0.9285 0.9627 0.9464 0.9201 0.9748 0.9762 0.9086 0.9888 0.9191
AWTUW        0.9627 0.9191 0.9761 0.0000 0.8062 0.9634 0.9888 0.9624 0.9888 0.9634 0.9338 0.9609 0.7758 0.9512 0.9517 0.9360 0.9417 0.9360 0.9470 0.9759 0.9750 0.7063 0.9507 0.9631 0.9487
AWUN         0.9617 0.8839 0.9481 0.8062 0.0000 0.9346 0.9888 0.9015 0.9617 0.9487 0.8839 0.9288 0.8214 0.9360 0.9502 0.9338 0.9399 0.9040 0.9746 0.9754 0.9888 0.7910 0.9353 0.9756 0.9470
BAHINEMO_2   0.9353 0.9481 0.8926 0.9634 0.9346 0.0000 0.9127 0.9346 0.8264 0.9367 0.9338 0.8318 0.9631 0.8356 0.8377 0.8616 0.9033 0.9497 0.9171 0.8434 0.9002 0.9764 0.7997 0.9761 0.9201
BISIS        0.9888 0.9736 0.9115 0.9888 0.9888 0.9127 0.0000 0.9738 0.9103 0.9744 0.9888 0.8449 0.9742 0.9150 0.9314 0.9438 0.9492 0.9742 0.9228 0.9270 0.9563 0.9746 0.9139 0.9888 0.9583
CHENAPIAN    0.9476 0.9161 0.9756 0.9624 0.9015 0.9346 0.9738 0.0000 0.9181 0.9201 0.9314 0.9288 0.9481 0.9220 0.9502 0.9191 0.9526 0.9481 0.9451 0.9476 0.9445 0.9627 0.9627 0.9338 0.9323
GABIANO      0.9620 0.9613 0.9052 0.9888 0.9617 0.8264 0.9103 0.9181 0.0000 0.9627 0.9613 0.9139 0.9624 0.9228 0.9237 0.9346 0.9405 0.9487 0.9306 0.6356 0.7877 0.9761 0.8455 0.9758 0.9617
IWAM_4       0.9492 0.9481 0.9761 0.9634 0.9487 0.9367 0.9744 0.9201 0.9627 0.0000 0.9756 0.9464 0.9761 0.9381 0.9254 0.9220 0.9417 0.9220 0.9752 0.9627 0.9609 0.9764 0.9507 0.5573 0.9624
KALOU        0.9888 0.9458 0.9476 0.9338 0.8839 0.9338 0.9888 0.9314 0.9613 0.9756 0.0000 0.9279 0.9331 0.9492 0.9631 0.9331 0.9646 0.9331 0.9445 0.9613 0.9888 0.9346 0.9487 0.9888 0.9464
KAPRIMAN     0.9451 0.9279 0.8823 0.9609 0.9288 0.8318 0.8449 0.9288 0.9139 0.9464 0.9279 0.0000 0.9458 0.8539 0.8885 0.8652 0.8804 0.9306 0.9583 0.9139 0.9579 0.9613 0.8343 0.9748 0.8789
KARAWA       0.9624 0.9617 0.9759 0.7758 0.8214 0.9631 0.9742 0.9481 0.9624 0.9761 0.9331 0.9458 0.0000 0.9507 0.9512 0.9210 0.9655 0.9210 0.9314 0.9758 0.9458 0.7606 0.9367 0.9759 0.9481
KWANGA       0.9634 0.9353 0.9237 0.9512 0.9360 0.8356 0.9150 0.9220 0.9228 0.9381 0.9492 0.8539 0.9507 0.0000 0.7041 0.7997 0.7063 0.9374 0.9040 0.9367 0.9331 0.9644 0.8685 0.9764 0.8455
KWOMA        0.9637 0.9360 0.9107 0.9517 0.9502 0.8377 0.9314 0.9502 0.9237 0.9254 0.9631 0.8885 0.9512 0.7041 0.0000 0.8356 0.6346 0.9381 0.9052 0.9237 0.9338 0.9769 0.8847 0.9766 0.8143
MEHEK        0.9624 0.9181 0.9353 0.9360 0.9338 0.8616 0.9438 0.9191 0.9346 0.9220 0.9331 0.8652 0.9210 0.7997 0.8356 0.0000 0.8747 0.9210 0.8318 0.9346 0.9306 0.9634 0.9086 0.9627 0.8034
MENDE_PNG    0.9771 0.9521 0.9285 0.9417 0.9399 0.9033 0.9492 0.9526 0.9405 0.9417 0.9646 0.8804 0.9655 0.7063 0.6346 0.8747 0.0000 0.9535 0.9381 0.9530 0.9507 0.9775 0.9299 0.9773 0.8418
NAMIA        0.9624 0.8004 0.9627 0.9360 0.9040 0.9497 0.9742 0.9481 0.9487 0.9220 0.9331 0.9306 0.9210 0.9374 0.9381 0.9210 0.9535 0.0000 0.9464 0.9624 0.9605 0.9086 0.9228 0.9627 0.9481
PAHI         0.9888 0.9445 0.9464 0.9470 0.9746 0.9171 0.9228 0.9451 0.9306 0.9752 0.9445 0.9583 0.9314 0.9040 0.9052 0.8318 0.9381 0.9464 0.0000 0.9605 0.9424 0.9754 0.9476 0.9750 0.9297
PAKA         0.9481 0.9470 0.9201 0.9759 0.9754 0.8434 0.9270 0.9476 0.6356 0.9627 0.9613 0.9139 0.9758 0.9367 0.9237 0.9346 0.9530 0.9624 0.9605 0.0000 0.8632 0.9631 0.8288 0.9758 0.9476
PIAME_2      0.9451 0.9742 0.9748 0.9750 0.9888 0.9002 0.9563 0.9445 0.7877 0.9609 0.9888 0.9579 0.9458 0.9331 0.9338 0.9306 0.9507 0.9605 0.9424 0.8632 0.0000 0.9888 0.9015 0.9458 0.9597
POUYE        0.9631 0.9487 0.9762 0.7063 0.7910 0.9764 0.9746 0.9627 0.9761 0.9764 0.9346 0.9613 0.7606 0.9644 0.9769 0.9634 0.9775 0.9086 0.9754 0.9631 0.9888 0.0000 0.9512 0.9762 0.9627
SANIO        0.9497 0.9346 0.9086 0.9507 0.9353 0.7997 0.9139 0.9627 0.8455 0.9507 0.9487 0.8343 0.9367 0.8685 0.8847 0.9086 0.9299 0.9228 0.9476 0.8288 0.9015 0.9512 0.0000 0.9762 0.9353
SEPIK_IWAM   0.9487 0.9617 0.9888 0.9631 0.9756 0.9761 0.9888 0.9338 0.9758 0.5573 0.9888 0.9748 0.9759 0.9764 0.9766 0.9627 0.9773 0.9627 0.9750 0.9758 0.9458 0.9762 0.9762 0.0000 0.9620
YESSAN_MAYO  0.9617 0.9314 0.9191 0.9487 0.9470 0.9201 0.9583 0.9323 0.9617 0.9624 0.9464 0.8789 0.9481 0.8455 0.8143 0.8034 0.8418 0.9481 0.9297 0.9476 0.9597 0.9627 0.9353 0.9620 0.0000
