 6
ARANDAI_SEBYAR      0.0000 0.4744 0.3041 0.4072 0.4368 0.7220
ARANDAI_TAROF       0.4744 0.0000 0.4732 0.5097 0.3369 0.7838
KEMBERANO_BARAU     0.3041 0.4732 0.0000 0.3490 0.4103 0.6795
KEMBERANO_WERIAGAR  0.4072 0.5097 0.3490 0.0000 0.4974 0.6726
KOKODA_KASUWERI     0.4368 0.3369 0.4103 0.4974 0.0000 0.7322
PURAGI_3            0.7220 0.7838 0.6795 0.6726 0.7322 0.0000
