 29
BASKETO         0.0000 0.6806 0.5614 0.5238 0.5172 0.5495 0.4938 0.4183 0.5267 0.7111 0.6082 0.6452 0.5641 0.4103 0.4938 0.4696 0.5172 0.5974 0.6631 0.4444 0.4696 0.5824 0.5458 0.6266 0.5172 0.5146 0.5238 0.5238 0.5010
BENCHO          0.6806 0.0000 0.6974 0.6838 0.6974 0.7407 0.6974 0.6806 0.6914 0.7601 0.7222 0.7164 0.7778 0.6869 0.6974 0.6974 0.7451 0.7512 0.7619 0.6974 0.7138 0.4528 0.7003 0.7320 0.7138 0.7214 0.7003 0.7472 0.7003
CHARA_2         0.5614 0.6974 0.0000 0.5458 0.5824 0.5267 0.5397 0.5172 0.5267 0.7111 0.5199 0.6631 0.6091 0.5079 0.5172 0.5614 0.5614 0.5778 0.6452 0.5614 0.5172 0.6222 0.6452 0.6806 0.5614 0.5574 0.5238 0.5876 0.5670
DACHE           0.5238 0.6838 0.5458 0.0000 0.2837 0.4089 0.2837 0.5238 0.4089 0.6806 0.5926 0.6667 0.6550 0.5146 0.4009 0.5670 0.5010 0.5211 0.6667 0.4009 0.4009 0.6452 0.6308 0.6838 0.4009 0.4025 0.5302 0.5302 0.5079
DORZE           0.5172 0.6974 0.5824 0.2837 0.0000 0.4267 0.2705 0.4938 0.4532 0.6595 0.6082 0.6452 0.6303 0.5079 0.4183 0.5397 0.4696 0.5364 0.6452 0.3628 0.3911 0.6412 0.6074 0.6631 0.4183 0.3660 0.5458 0.5010 0.5010
GAMO            0.5495 0.7407 0.5267 0.4089 0.4267 0.0000 0.3404 0.5495 0.3783 0.7055 0.6394 0.6738 0.6420 0.5614 0.4532 0.5714 0.5031 0.4528 0.6738 0.4267 0.3704 0.6882 0.6370 0.6557 0.4532 0.4009 0.5977 0.4864 0.5556
GAMO_DHAACHE    0.4938 0.6974 0.5397 0.2837 0.2705 0.3404 0.0000 0.4938 0.3404 0.6595 0.5873 0.6452 0.6091 0.4848 0.3628 0.5614 0.4183 0.5146 0.6452 0.3628 0.2705 0.6412 0.6074 0.6452 0.4183 0.3660 0.5238 0.4274 0.4774
GIDICHO         0.4183 0.6806 0.5172 0.5238 0.4938 0.5495 0.4938 0.0000 0.5031 0.6944 0.4957 0.6452 0.4350 0.3265 0.4938 0.5172 0.4696 0.5974 0.6631 0.4444 0.4696 0.6026 0.5670 0.6452 0.4938 0.4921 0.4274 0.4774 0.4009
GOFA            0.5267 0.6914 0.5267 0.4089 0.4532 0.3783 0.3404 0.5031 0.0000 0.7055 0.5761 0.6738 0.5983 0.4696 0.3092 0.5714 0.4267 0.4774 0.6557 0.3704 0.3404 0.6703 0.6177 0.6557 0.3704 0.3148 0.5333 0.4615 0.5103
JANJERO         0.7111 0.7601 0.7111 0.6806 0.6595 0.7055 0.6595 0.6944 0.7055 0.0000 0.7521 0.7451 0.7760 0.6838 0.6772 0.7111 0.7111 0.7343 0.6974 0.6944 0.6772 0.7111 0.7138 0.6974 0.6944 0.7032 0.6974 0.6974 0.6806
KACHAMA         0.6082 0.7222 0.5199 0.5926 0.6082 0.6394 0.5873 0.4957 0.5761 0.7521 0.0000 0.6519 0.6154 0.4864 0.5657 0.5657 0.5873 0.6222 0.7055 0.5657 0.5873 0.6849 0.6328 0.7385 0.6082 0.6026 0.5267 0.5926 0.5495
KEFA_2          0.6452 0.7164 0.6631 0.6667 0.6452 0.6738 0.6452 0.6452 0.6738 0.7451 0.6519 0.0000 0.7286 0.6165 0.6452 0.6806 0.6452 0.7214 0.4848 0.6631 0.6452 0.6974 0.5725 0.5926 0.6806 0.6734 0.6120 0.6667 0.6308
KOORETE         0.5641 0.7778 0.6091 0.6550 0.6303 0.6420 0.6091 0.4350 0.5983 0.7760 0.6154 0.7286 0.0000 0.4535 0.6091 0.6303 0.5403 0.6437 0.7619 0.5641 0.5403 0.7081 0.6743 0.7455 0.6091 0.5818 0.5702 0.5926 0.5702
KOYRA           0.4103 0.6869 0.5079 0.5146 0.5079 0.5614 0.4848 0.3265 0.4696 0.6838 0.4864 0.6165 0.4535 0.0000 0.4361 0.5302 0.4609 0.6067 0.6349 0.4361 0.4361 0.6308 0.5574 0.6349 0.4848 0.4834 0.4193 0.4921 0.4193
KULLO           0.4938 0.6974 0.5172 0.4009 0.4183 0.4532 0.3628 0.4938 0.3092 0.6772 0.5657 0.6452 0.6091 0.4361 0.0000 0.5397 0.4444 0.5146 0.6266 0.3026 0.3333 0.6595 0.5876 0.6452 0.3026 0.2778 0.5010 0.4528 0.4774
MALE_ETHIOPIA   0.4696 0.6974 0.5614 0.5670 0.5397 0.5714 0.5614 0.5172 0.5714 0.7111 0.5657 0.6806 0.6303 0.5302 0.5397 0.0000 0.5614 0.6349 0.6806 0.4696 0.4938 0.6412 0.5458 0.6452 0.5397 0.5574 0.5670 0.5458 0.5458
MELE_2          0.5172 0.7451 0.5614 0.5010 0.4696 0.5031 0.4183 0.4696 0.4267 0.7111 0.5873 0.6452 0.5403 0.4609 0.4444 0.5614 0.0000 0.5574 0.6631 0.4444 0.3026 0.6595 0.6452 0.6974 0.4938 0.4193 0.3148 0.1447 0.2837
MELO_3          0.5974 0.7512 0.5778 0.5211 0.5364 0.4528 0.5146 0.5974 0.4774 0.7343 0.6222 0.7214 0.6437 0.6067 0.5146 0.6349 0.5574 0.0000 0.7059 0.4921 0.4921 0.7190 0.6564 0.7059 0.5146 0.4678 0.6564 0.6022 0.6389
MOCHA_2         0.6631 0.7619 0.6452 0.6667 0.6452 0.6738 0.6452 0.6631 0.6557 0.6974 0.7055 0.4848 0.7619 0.6349 0.6266 0.6806 0.6631 0.7059 0.0000 0.6452 0.6266 0.7297 0.5926 0.4609 0.6631 0.6564 0.6667 0.6667 0.6667
OYDA            0.4444 0.6974 0.5614 0.4009 0.3628 0.4267 0.3628 0.4444 0.3704 0.6944 0.5657 0.6631 0.5641 0.4361 0.3026 0.4696 0.4444 0.4921 0.6452 0.0000 0.3026 0.6412 0.5458 0.6074 0.3026 0.3084 0.5238 0.4528 0.5010
SHARA           0.4696 0.7138 0.5172 0.4009 0.3911 0.3704 0.2705 0.4696 0.3404 0.6772 0.5873 0.6452 0.5403 0.4361 0.3333 0.4938 0.3026 0.4921 0.6266 0.3026 0.0000 0.6222 0.5876 0.6266 0.3628 0.3378 0.4774 0.3447 0.4528
SHE             0.5824 0.4528 0.6222 0.6452 0.6412 0.6882 0.6412 0.6026 0.6703 0.7111 0.6849 0.6974 0.7081 0.6308 0.6595 0.6412 0.6595 0.7190 0.7297 0.6412 0.6222 0.0000 0.6631 0.6974 0.6595 0.6701 0.6266 0.6806 0.6452
SHINASSHA       0.5458 0.7003 0.6452 0.6308 0.6074 0.6370 0.6074 0.5670 0.6177 0.7138 0.6328 0.5725 0.6743 0.5574 0.5876 0.5458 0.6452 0.6564 0.5926 0.5458 0.5876 0.6631 0.0000 0.5725 0.6074 0.6022 0.6490 0.6490 0.6308
SOUTHERN_MAO    0.6266 0.7320 0.6806 0.6838 0.6631 0.6557 0.6452 0.6452 0.6557 0.6974 0.7385 0.5926 0.7455 0.6349 0.6452 0.6452 0.6974 0.7059 0.4609 0.6074 0.6266 0.6974 0.5725 0.0000 0.6631 0.6564 0.7164 0.6838 0.7164
WELAMO          0.5172 0.7138 0.5614 0.4009 0.4183 0.4532 0.4183 0.4938 0.3704 0.6944 0.6082 0.6806 0.6091 0.4848 0.3026 0.5397 0.4938 0.5146 0.6631 0.3026 0.3628 0.6595 0.6074 0.6631 0.0000 0.3378 0.5458 0.5010 0.5238
WOLAYTTA        0.5146 0.7214 0.5574 0.4025 0.3660 0.4009 0.3660 0.4921 0.3148 0.7032 0.6026 0.6734 0.5818 0.4834 0.2778 0.5574 0.4193 0.4678 0.6564 0.3084 0.3378 0.6701 0.6022 0.6564 0.3378 0.0000 0.5424 0.4762 0.5211
ZAYSE           0.5238 0.7003 0.5238 0.5302 0.5458 0.5977 0.5238 0.4274 0.5333 0.6974 0.5267 0.6120 0.5702 0.4193 0.5010 0.5670 0.3148 0.6564 0.6667 0.5238 0.4774 0.6266 0.6490 0.7164 0.5458 0.5424 0.0000 0.3834 0.1975
ZAYSE_ZERGULLA  0.5238 0.7472 0.5876 0.5302 0.5010 0.4864 0.4274 0.4774 0.4615 0.6974 0.5926 0.6667 0.5926 0.4921 0.4528 0.5458 0.1447 0.6022 0.6667 0.4528 0.3447 0.6806 0.6490 0.6838 0.5010 0.4762 0.3834 0.0000 0.2963
ZERGULLA        0.5010 0.7003 0.5670 0.5079 0.5010 0.5556 0.4774 0.4009 0.5103 0.6806 0.5495 0.6308 0.5702 0.4193 0.4774 0.5458 0.2837 0.6389 0.6667 0.5010 0.4528 0.6452 0.6308 0.7164 0.5238 0.5211 0.1975 0.2963 0.0000
