 6
ARIN                    0.0000 0.7307 0.7247 0.6783 0.7442 0.7204
EIGHTEENTH_CENTURY_KET  0.7307 0.0000 0.5563 0.7338 0.5719 0.5451
KET_2                   0.7247 0.5563 0.0000 0.7156 0.4683 0.5265
KOTT                    0.6783 0.7338 0.7156 0.0000 0.7338 0.7249
YUGH                    0.7442 0.5719 0.4683 0.7338 0.0000 0.3738
YUGH_RECENT             0.7204 0.5451 0.5265 0.7249 0.3738 0.0000
