 7
BANAWA        0.0000 0.3915 0.1455 0.3765 0.4333 0.4000 0.5818
DENI          0.3915 0.0000 0.3915 0.4516 0.3774 0.3200 0.5875
JAMAMADI      0.1455 0.3915 0.0000 0.3520 0.4333 0.4000 0.5630
JARAWARA      0.3765 0.4516 0.3520 0.0000 0.4645 0.4400 0.5943
KULINA_ARAUA  0.4333 0.3774 0.4333 0.4645 0.0000 0.2553 0.6000
MADIJA        0.4000 0.3200 0.4000 0.4400 0.2553 0.0000 0.5806
PAUMARI       0.5818 0.5875 0.5630 0.5943 0.6000 0.5806 0.0000
