 36
AHTNA                0.0000 0.7177 0.6436 0.7759 0.7305 0.7505 0.7070 0.7946 0.8754 0.7053 0.7519 0.7505 0.7389 0.7384 0.7305 0.7505 0.7305 0.6369 0.7006 0.7227 0.6885 0.7505 0.6957 0.5566 0.6885 0.7099 0.6706 0.7642 0.7505 0.6885 0.7725 0.6912 0.9131 0.6981 0.6313 0.6331
BEAVER               0.7177 0.0000 0.6162 0.6696 0.4978 0.6684 0.7348 0.7560 0.8940 0.4870 0.7867 0.6684 0.7257 0.8089 0.8286 0.6162 0.7395 0.6061 0.6010 0.7305 0.6162 0.6429 0.7630 0.7389 0.6931 0.6429 0.6494 0.8143 0.6684 0.6429 0.7403 0.6730 0.9207 0.7893 0.7066 0.6783
CARRIER              0.6436 0.6162 0.0000 0.7118 0.5566 0.6369 0.5348 0.7305 0.8387 0.6039 0.7535 0.6854 0.6429 0.8349 0.8349 0.6369 0.7924 0.6291 0.6234 0.7006 0.4974 0.6112 0.7541 0.7099 0.6112 0.5844 0.6436 0.8560 0.6616 0.5566 0.7969 0.6198 0.9091 0.8169 0.6743 0.6934
CHILCOTIN            0.7759 0.6696 0.7118 0.0000 0.6623 0.7792 0.7725 0.7343 0.9073 0.6818 0.7597 0.7118 0.8117 0.8442 0.8594 0.7351 0.8202 0.7102 0.7493 0.7261 0.7118 0.7576 0.7594 0.7557 0.8001 0.7576 0.7557 0.8827 0.7792 0.6875 0.6839 0.7348 0.9054 0.8442 0.6494 0.7177
CHIPEWYAN            0.7305 0.4978 0.5566 0.6623 0.0000 0.6854 0.6835 0.7482 0.8539 0.5765 0.7535 0.6854 0.7395 0.7984 0.8187 0.6854 0.7924 0.7066 0.6494 0.7429 0.5844 0.6854 0.7541 0.7099 0.7084 0.6616 0.6664 0.8392 0.7305 0.5276 0.7535 0.6436 0.9228 0.7792 0.6743 0.6494
CHIRICAHUA           0.7505 0.6684 0.6369 0.7792 0.6854 0.0000 0.7664 0.8139 0.8687 0.6039 0.8373 0.7519 0.6931 0.8349 0.8506 0.3247 0.6616 0.7535 0.6234 0.7824 0.6854 0.3247 0.8264 0.7698 0.6369 0.2435 0.5432 0.8560 0.3247 0.7084 0.8175 0.7698 0.9228 0.8169 0.7653 0.7914
C_CARRIER            0.7070 0.7348 0.5348 0.7725 0.6835 0.7664 0.0000 0.7766 0.8459 0.6783 0.7479 0.7855 0.7131 0.8092 0.8273 0.7664 0.8218 0.7035 0.7177 0.7384 0.7053 0.7468 0.7305 0.6214 0.7053 0.7264 0.6866 0.8470 0.7664 0.7468 0.8279 0.7267 0.9124 0.7914 0.6730 0.7305
DOGRIB               0.7946 0.7560 0.7305 0.7343 0.7482 0.8139 0.7766 0.0000 0.9098 0.7623 0.8021 0.5448 0.8231 0.9019 0.9084 0.7982 0.8442 0.7493 0.8094 0.7898 0.7482 0.8139 0.8261 0.8242 0.8139 0.8139 0.7792 0.9036 0.8292 0.7653 0.7493 0.7946 0.9084 0.8888 0.8252 0.8117
EYAK                 0.8754 0.8940 0.8387 0.9073 0.8539 0.8687 0.8459 0.9098 0.0000 0.8673 0.8917 0.9241 0.8488 0.9124 0.8938 0.8831 0.8971 0.8917 0.9091 0.9000 0.8831 0.8831 0.8899 0.8754 0.8831 0.8687 0.8754 0.9139 0.8831 0.8831 0.9481 0.8475 0.9412 0.9124 0.8806 0.8631
GALICE               0.7053 0.4870 0.6039 0.6818 0.5765 0.6039 0.6783 0.7623 0.8673 0.0000 0.7493 0.7035 0.6875 0.7955 0.8165 0.6039 0.7261 0.6217 0.6162 0.7389 0.6303 0.5765 0.7505 0.6835 0.6303 0.6039 0.6133 0.8371 0.6800 0.6556 0.6759 0.7053 0.8940 0.7759 0.6931 0.6885
HAN                  0.7519 0.7867 0.7535 0.7597 0.7535 0.8373 0.7479 0.8021 0.8917 0.7493 0.0000 0.7969 0.7639 0.9122 0.9192 0.8565 0.8175 0.7305 0.8117 0.8061 0.7535 0.8565 0.7557 0.7725 0.8373 0.8175 0.7305 0.9298 0.8565 0.7969 0.7305 0.6854 0.9192 0.8955 0.7680 0.6674
HARE                 0.7505 0.6684 0.6854 0.7118 0.6854 0.7519 0.7855 0.5448 0.9241 0.7035 0.7969 0.0000 0.8229 0.8855 0.8951 0.7305 0.8117 0.7305 0.7653 0.7824 0.6616 0.7519 0.8092 0.8066 0.7924 0.7519 0.7505 0.8881 0.7725 0.7084 0.7066 0.7505 0.9361 0.8523 0.8061 0.7730
HUPA                 0.7389 0.7257 0.6429 0.8117 0.7395 0.6931 0.7131 0.8231 0.8488 0.6875 0.7639 0.8229 0.0000 0.8641 0.8766 0.7167 0.7615 0.6632 0.6291 0.7519 0.7167 0.7167 0.7630 0.7177 0.6684 0.6931 0.6494 0.8841 0.6931 0.7615 0.8297 0.7177 0.9207 0.8463 0.7756 0.7221
ILIAMNA_TANAINA      0.7384 0.8089 0.8349 0.8442 0.7984 0.8349 0.8092 0.9019 0.9124 0.7955 0.9122 0.8855 0.8641 0.0000 0.2487 0.8523 0.8523 0.8420 0.7725 0.8066 0.8523 0.8349 0.8470 0.6549 0.7594 0.8349 0.8451 0.2656 0.8523 0.8349 0.8955 0.8611 0.9370 0.2319 0.7519 0.8141
INLAND_TANAINA       0.7305 0.8286 0.8349 0.8594 0.8187 0.8506 0.8273 0.9084 0.8938 0.8165 0.9192 0.8951 0.8766 0.2487 0.0000 0.8658 0.8658 0.8412 0.7792 0.8252 0.8506 0.8506 0.8459 0.6544 0.7674 0.8506 0.8587 0.3117 0.8658 0.8349 0.9045 0.8728 0.9287 0.3506 0.7792 0.8161
JICARILLA            0.7505 0.6162 0.6369 0.7351 0.6854 0.3247 0.7664 0.7982 0.8831 0.6039 0.8565 0.7305 0.7167 0.8523 0.8658 0.0000 0.6616 0.7305 0.6234 0.7824 0.6854 0.2435 0.8264 0.8066 0.6616 0.3247 0.5952 0.8723 0.1998 0.7084 0.7969 0.7505 0.9091 0.8349 0.7653 0.7730
JICARILLA_APACHE     0.7305 0.7395 0.7924 0.8202 0.7924 0.6616 0.8218 0.8442 0.8971 0.7261 0.8175 0.8117 0.7615 0.8523 0.8658 0.6616 0.0000 0.7535 0.7861 0.8012 0.7924 0.6112 0.7914 0.7698 0.7924 0.6854 0.6664 0.8723 0.7084 0.8117 0.7535 0.7885 0.9361 0.8169 0.7861 0.7914
KASKA                0.6369 0.6061 0.6291 0.7102 0.7066 0.7535 0.7035 0.7493 0.8917 0.6217 0.7305 0.7305 0.6632 0.8420 0.8412 0.7305 0.7535 0.0000 0.6424 0.6743 0.6010 0.7535 0.7348 0.7084 0.7066 0.7066 0.6369 0.8641 0.7305 0.7305 0.7305 0.6369 0.8893 0.8229 0.7208 0.6181
KATO                 0.7006 0.6010 0.6234 0.7493 0.6494 0.6234 0.7177 0.8094 0.9091 0.6162 0.8117 0.7653 0.6291 0.7725 0.7792 0.6234 0.7861 0.6424 0.0000 0.7131 0.6494 0.6494 0.7468 0.7006 0.5388 0.5963 0.6313 0.7984 0.5963 0.6743 0.7902 0.7221 0.9351 0.7519 0.7576 0.7053
KOYUKON              0.7227 0.7305 0.7006 0.7261 0.7429 0.7824 0.7384 0.7898 0.9000 0.7389 0.8061 0.7824 0.7519 0.8066 0.8252 0.7824 0.8012 0.6743 0.7131 0.0000 0.7221 0.7824 0.7457 0.7227 0.7630 0.7429 0.7026 0.8451 0.7824 0.7824 0.8254 0.7421 0.9247 0.8066 0.7131 0.7457
KUTCHIN              0.6885 0.6162 0.4974 0.7118 0.5844 0.6854 0.7053 0.7482 0.8831 0.6303 0.7535 0.6616 0.7167 0.8523 0.8506 0.6854 0.7924 0.6010 0.6494 0.7221 0.0000 0.6854 0.7914 0.7698 0.6616 0.6616 0.6664 0.8723 0.7084 0.6854 0.7969 0.6664 0.9228 0.8349 0.7215 0.7143
LIPAN                0.7505 0.6429 0.6112 0.7576 0.6854 0.3247 0.7468 0.8139 0.8831 0.5765 0.8565 0.7519 0.7167 0.8349 0.8506 0.2435 0.6112 0.7535 0.6494 0.7824 0.6854 0.0000 0.8264 0.7885 0.6112 0.3624 0.5697 0.8560 0.3624 0.6854 0.8175 0.7698 0.9091 0.8169 0.7653 0.7914
LOWER_TANANA         0.6957 0.7630 0.7541 0.7594 0.7541 0.8264 0.7305 0.8261 0.8899 0.7505 0.7557 0.8092 0.7630 0.8470 0.8459 0.8264 0.7914 0.7348 0.7468 0.7457 0.7914 0.8264 0.0000 0.6547 0.7914 0.7914 0.7343 0.8658 0.8264 0.7345 0.8143 0.6547 0.9265 0.8141 0.6835 0.6387
MANTASTA_AHTENA      0.5566 0.7389 0.7099 0.7557 0.7099 0.7698 0.6214 0.8242 0.8754 0.6835 0.7725 0.8066 0.7177 0.6549 0.6544 0.8066 0.7698 0.7084 0.7006 0.7227 0.7698 0.7885 0.6547 0.0000 0.6664 0.7505 0.6912 0.7070 0.7885 0.7099 0.7725 0.6706 0.9131 0.5844 0.6065 0.6108
MATTOLE              0.6885 0.6931 0.6112 0.8001 0.7084 0.6369 0.7053 0.8139 0.8831 0.6303 0.8373 0.7924 0.6684 0.7594 0.7674 0.6616 0.7924 0.7066 0.5388 0.7630 0.6616 0.6112 0.7914 0.6664 0.0000 0.6369 0.6885 0.8040 0.6616 0.6854 0.7969 0.7505 0.9091 0.7594 0.7438 0.7730
NAVAHO               0.7099 0.6429 0.5844 0.7576 0.6616 0.2435 0.7264 0.8139 0.8687 0.6039 0.8175 0.7519 0.6931 0.8349 0.8506 0.3247 0.6854 0.7066 0.5963 0.7429 0.6616 0.3624 0.7914 0.7505 0.6369 0.0000 0.4572 0.8560 0.3624 0.6369 0.8175 0.7099 0.9091 0.8169 0.7215 0.7345
NAVAJO               0.6706 0.6494 0.6436 0.7557 0.6664 0.5432 0.6866 0.7792 0.8754 0.6133 0.7305 0.7505 0.6494 0.8451 0.8587 0.5952 0.6664 0.6369 0.6313 0.7026 0.6664 0.5697 0.7343 0.6912 0.6885 0.4572 0.0000 0.8643 0.5952 0.7099 0.7519 0.6494 0.9131 0.8117 0.7221 0.6547
OUTER_INLET_TANAINA  0.7642 0.8143 0.8560 0.8827 0.8392 0.8560 0.8470 0.9036 0.9139 0.8371 0.9298 0.8881 0.8841 0.2656 0.3117 0.8723 0.8723 0.8641 0.7984 0.8451 0.8723 0.8560 0.8658 0.7070 0.8040 0.8560 0.8643 0.0000 0.8723 0.8392 0.9141 0.8793 0.9380 0.4058 0.7984 0.8506
SAN_CARLOS           0.7505 0.6684 0.6616 0.7792 0.7305 0.3247 0.7664 0.8292 0.8831 0.6800 0.8565 0.7725 0.6931 0.8523 0.8658 0.1998 0.7084 0.7305 0.5963 0.7824 0.7084 0.3624 0.8264 0.7885 0.6616 0.3624 0.5952 0.8723 0.0000 0.7305 0.8373 0.7505 0.9228 0.8349 0.7653 0.7730
SARCEE               0.6885 0.6429 0.5566 0.6875 0.5276 0.7084 0.7468 0.7653 0.8831 0.6556 0.7969 0.7084 0.7615 0.8349 0.8349 0.7084 0.8117 0.7305 0.6743 0.7824 0.6854 0.6854 0.7345 0.7099 0.6854 0.6369 0.7099 0.8392 0.7305 0.0000 0.7969 0.6664 0.9091 0.8169 0.7215 0.6717
SLAVEY               0.7725 0.7403 0.7969 0.6839 0.7535 0.8175 0.8279 0.7493 0.9481 0.6759 0.7305 0.7066 0.8297 0.8955 0.9045 0.7969 0.7535 0.7305 0.7902 0.8254 0.7969 0.8175 0.8143 0.7725 0.7969 0.8175 0.7519 0.9141 0.8373 0.7969 0.0000 0.7924 0.9045 0.8604 0.7902 0.7955
TANACROSS            0.6912 0.6730 0.6198 0.7348 0.6436 0.7698 0.7267 0.7946 0.8475 0.7053 0.6854 0.7505 0.7177 0.8611 0.8728 0.7505 0.7885 0.6369 0.7221 0.7421 0.6664 0.7698 0.6547 0.6706 0.7505 0.7099 0.6494 0.8793 0.7505 0.6664 0.7924 0.0000 0.9131 0.8286 0.6783 0.3701
TLINGIT              0.9131 0.9207 0.9091 0.9054 0.9228 0.9228 0.9124 0.9084 0.9412 0.8940 0.9192 0.9361 0.9207 0.9370 0.9287 0.9091 0.9361 0.8893 0.9351 0.9247 0.9228 0.9091 0.9265 0.9131 0.9091 0.9091 0.9131 0.9380 0.9228 0.9091 0.9045 0.9131 0.0000 0.9370 0.9214 0.9010
UPPER_INLET_TANAINA  0.6981 0.7893 0.8169 0.8442 0.7792 0.8169 0.7914 0.8888 0.9124 0.7759 0.8955 0.8523 0.8463 0.2319 0.3506 0.8349 0.8169 0.8229 0.7519 0.8066 0.8349 0.8169 0.8141 0.5844 0.7594 0.8169 0.8117 0.4058 0.8349 0.8169 0.8604 0.8286 0.9370 0.0000 0.7305 0.7792
UPPER_KUSKOKWIM      0.6313 0.7066 0.6743 0.6494 0.6743 0.7653 0.6730 0.8252 0.8806 0.6931 0.7680 0.8061 0.7756 0.7519 0.7792 0.7653 0.7861 0.7208 0.7576 0.7131 0.7215 0.7653 0.6835 0.6065 0.7438 0.7215 0.7221 0.7984 0.7653 0.7215 0.7902 0.6783 0.9214 0.7305 0.0000 0.6375
UPPER_TANANA_TETLIN  0.6331 0.6783 0.6934 0.7177 0.6494 0.7914 0.7305 0.8117 0.8631 0.6885 0.6674 0.7730 0.7221 0.8141 0.8161 0.7730 0.7914 0.6181 0.7053 0.7457 0.7143 0.7914 0.6387 0.6108 0.7730 0.7345 0.6547 0.8506 0.7730 0.6717 0.7955 0.3701 0.9010 0.7792 0.6375 0.0000
