 9
CATIO            0.0000 0.3027 0.2428 0.4834 0.2320 0.2900 0.3147 0.5854 0.6753
EMBERA_CHAMI     0.3027 0.0000 0.2833 0.5156 0.2024 0.2966 0.3216 0.5746 0.6856
EMBERA_DARIEN    0.2428 0.2833 0.0000 0.4525 0.2428 0.2693 0.3594 0.5395 0.6798
EMBERA_NORTHERN  0.4834 0.5156 0.4525 0.0000 0.4834 0.5089 0.5221 0.6259 0.7210
EMBERA_TADO      0.2320 0.2024 0.2428 0.4834 0.0000 0.2226 0.2514 0.5640 0.6753
EPENA_BASURUDO   0.2900 0.2966 0.2693 0.5089 0.2226 0.0000 0.3405 0.4972 0.6827
EPENA_SAIJA      0.3147 0.3216 0.3594 0.5221 0.2514 0.3405 0.0000 0.6215 0.7038
NORTHERN_EMBERA  0.5854 0.5746 0.5395 0.6259 0.5640 0.4972 0.6215 0.0000 0.7403
WOUNAAN          0.6753 0.6856 0.6798 0.7210 0.6753 0.6827 0.7038 0.7403 0.0000
