 7
COCHIMI   0.0000 0.9164 0.8468 0.9091 0.9310 0.9107 0.9318
DIEGUENO  0.9164 0.0000 0.7317 0.7727 0.7618 0.7405 0.7832
KILIWA    0.8468 0.7317 0.0000 0.7917 0.7781 0.7790 0.7832
MARICOPA  0.9091 0.7727 0.7917 0.0000 0.5971 0.2611 0.7546
MOHAVE    0.9310 0.7618 0.7781 0.5971 0.0000 0.5103 0.7310
MOJAVE    0.9107 0.7405 0.7790 0.2611 0.5103 0.0000 0.7053
YAVAPAI   0.9318 0.7832 0.7832 0.7546 0.7310 0.7053 0.0000
