 39
ABUJHMARIA           0.0000 0.4099 0.7352 0.6734 0.6671 0.7749 0.4385 0.4684 0.3787 0.7111 0.7097 0.6543 0.7372 0.6911 0.5375 0.7062 0.6195 0.7057 0.7762 0.6710 0.7138 0.4397 0.6190 0.4015 0.6692 0.6671 0.6840 0.7145 0.4769 0.3787 0.3987 0.7058 0.7150 0.6880 0.7271 0.4294 0.3987 0.6800 0.6880
ADILABAD_GONDI       0.4099 0.0000 0.7469 0.7026 0.6951 0.7889 0.2712 0.2614 0.1041 0.7352 0.7404 0.6623 0.7324 0.7232 0.5588 0.7182 0.6669 0.7620 0.7584 0.6959 0.7651 0.0535 0.6246 0.1013 0.6309 0.6758 0.6946 0.7071 0.3123 0.2402 0.2642 0.7653 0.7257 0.7182 0.7404 0.0276 0.3427 0.6692 0.7372
BADAGA               0.7352 0.7469 0.0000 0.4461 0.4894 0.7757 0.7849 0.7327 0.7620 0.3299 0.5889 0.7634 0.6959 0.6013 0.7734 0.7327 0.7655 0.5855 0.8030 0.7757 0.6766 0.7469 0.7315 0.7370 0.7389 0.7426 0.7447 0.5799 0.7634 0.7766 0.7745 0.5794 0.7495 0.7026 0.6417 0.7596 0.7125 0.6802 0.5649
BADGA                0.6734 0.7026 0.4461 0.0000 0.5240 0.7883 0.7304 0.6880 0.7218 0.4752 0.4769 0.6918 0.6574 0.5378 0.7093 0.7577 0.7131 0.5313 0.8067 0.7749 0.6351 0.7026 0.7026 0.6911 0.6903 0.7026 0.7381 0.5833 0.7097 0.7404 0.7182 0.5416 0.6995 0.6089 0.5933 0.7182 0.6132 0.6402 0.4940
BETTA_KURUMBA_2      0.6671 0.6951 0.4894 0.5240 0.0000 0.7675 0.7218 0.6813 0.7138 0.5133 0.5465 0.7196 0.7102 0.5588 0.7187 0.6991 0.7389 0.6203 0.7677 0.7807 0.6089 0.6951 0.6951 0.7026 0.6828 0.7125 0.7629 0.6023 0.7196 0.7138 0.7102 0.5786 0.7234 0.6630 0.6852 0.7102 0.6714 0.6346 0.5399
BRAHUI               0.7749 0.7889 0.7757 0.7883 0.7675 0.0000 0.8119 0.7729 0.8030 0.7869 0.8014 0.8142 0.8152 0.8064 0.8327 0.8253 0.8156 0.8100 0.8737 0.7857 0.8080 0.7745 0.8030 0.7787 0.7976 0.8184 0.7846 0.7700 0.8014 0.8167 0.8012 0.8030 0.8295 0.8376 0.8142 0.7869 0.7572 0.8226 0.7997
DORLI_GONDI          0.4385 0.2712 0.7849 0.7304 0.7218 0.8119 0.0000 0.3956 0.1822 0.7708 0.7679 0.6473 0.7206 0.7528 0.5126 0.7651 0.7145 0.7849 0.8030 0.7521 0.7939 0.3123 0.6050 0.2642 0.6636 0.7404 0.7622 0.7387 0.4385 0.2279 0.1102 0.8049 0.7164 0.7651 0.8030 0.2958 0.4113 0.7194 0.7651
GONDI                0.4684 0.2614 0.7327 0.6880 0.6813 0.7729 0.3956 0.0000 0.3331 0.7224 0.7239 0.6497 0.7525 0.7253 0.5309 0.6649 0.6734 0.7471 0.7411 0.6836 0.7639 0.2981 0.6132 0.3259 0.6643 0.6813 0.6989 0.7107 0.1874 0.4294 0.3870 0.7495 0.7120 0.7026 0.7577 0.2832 0.3539 0.6758 0.7381
HILL_MARIA_GONDI     0.3787 0.1041 0.7620 0.7218 0.7138 0.8030 0.1822 0.3331 0.0000 0.7495 0.7584 0.6410 0.7324 0.7430 0.5110 0.7372 0.6669 0.7766 0.7758 0.6959 0.7833 0.1519 0.5996 0.1013 0.6558 0.6758 0.7145 0.7071 0.3787 0.1519 0.1772 0.7807 0.7093 0.7372 0.7584 0.1301 0.3427 0.6692 0.7555
KANNADA              0.7111 0.7352 0.3299 0.4752 0.5133 0.7869 0.7708 0.7224 0.7495 0.0000 0.5697 0.7645 0.7026 0.5985 0.7618 0.7495 0.7408 0.5688 0.7895 0.7648 0.6533 0.7352 0.7352 0.7261 0.7422 0.7054 0.7198 0.6334 0.7385 0.7634 0.7612 0.5285 0.7026 0.6940 0.6366 0.7471 0.7026 0.7026 0.5278
KODAVA               0.7097 0.7404 0.5889 0.4769 0.5465 0.8014 0.7679 0.7239 0.7584 0.5697 0.0000 0.7271 0.7182 0.5621 0.7417 0.7739 0.7131 0.6246 0.8067 0.7612 0.6558 0.7218 0.7404 0.7287 0.6692 0.6294 0.7381 0.5585 0.7440 0.7404 0.7372 0.5205 0.7150 0.5875 0.6143 0.7372 0.6574 0.6989 0.1874
KOLAMI               0.6543 0.6623 0.7634 0.6918 0.7196 0.8142 0.6473 0.6497 0.6410 0.7645 0.7271 0.0000 0.7555 0.7102 0.5591 0.7239 0.6955 0.7057 0.8356 0.7026 0.7830 0.6828 0.4684 0.6510 0.7495 0.6852 0.7715 0.7145 0.6346 0.6828 0.6574 0.7216 0.6334 0.7577 0.7440 0.6784 0.5656 0.7173 0.7411
KORAGA_KORRA         0.7372 0.7324 0.6959 0.6574 0.7102 0.8152 0.7206 0.7525 0.7324 0.7026 0.7182 0.7555 0.0000 0.6984 0.7690 0.8529 0.8091 0.7125 0.8390 0.8152 0.7232 0.7324 0.7324 0.7396 0.7206 0.7807 0.8197 0.6558 0.7733 0.7324 0.7287 0.6955 0.7389 0.7706 0.6987 0.7287 0.7287 0.7651 0.6739
KOTA_INDIA           0.6911 0.7232 0.6013 0.5378 0.5588 0.8064 0.7528 0.7253 0.7430 0.5985 0.5621 0.7102 0.6984 0.0000 0.7271 0.7612 0.6951 0.5621 0.8128 0.7787 0.6524 0.7026 0.7026 0.7304 0.7113 0.7206 0.7584 0.5996 0.7465 0.7622 0.7396 0.5529 0.6653 0.6461 0.6299 0.7194 0.6984 0.6987 0.5045
KOYA_INDIA           0.5375 0.5588 0.7734 0.7093 0.7187 0.8327 0.5126 0.5309 0.5110 0.7618 0.7417 0.5591 0.7690 0.7271 0.0000 0.7547 0.6789 0.7337 0.8152 0.7715 0.7785 0.5815 0.6246 0.5259 0.7465 0.7187 0.7828 0.7319 0.5153 0.5110 0.4504 0.7495 0.6371 0.7547 0.7723 0.5753 0.5031 0.7332 0.7389
KURUKH_2             0.7062 0.7182 0.7327 0.7577 0.6991 0.8253 0.7651 0.6649 0.7372 0.7495 0.7739 0.7239 0.8529 0.7612 0.7547 0.0000 0.7440 0.7327 0.6497 0.7300 0.7807 0.7372 0.7182 0.7253 0.7269 0.7495 0.7853 0.7679 0.7062 0.7555 0.7525 0.7187 0.7708 0.7551 0.8049 0.7339 0.7339 0.7495 0.7715
KUVI                 0.6195 0.6669 0.7655 0.7131 0.7389 0.8156 0.7145 0.6734 0.6669 0.7408 0.7131 0.6955 0.8091 0.6951 0.6789 0.7440 0.0000 0.7378 0.8229 0.6070 0.7351 0.6669 0.6870 0.6558 0.7145 0.6712 0.6089 0.7182 0.6955 0.7065 0.6828 0.7245 0.7178 0.7603 0.7302 0.6623 0.5962 0.7026 0.7271
MALAYALAM_2          0.7057 0.7620 0.5855 0.5313 0.6203 0.8100 0.7849 0.7471 0.7766 0.5688 0.6246 0.7057 0.7125 0.5621 0.7337 0.7327 0.7378 0.0000 0.7769 0.7515 0.5873 0.7766 0.6993 0.7519 0.7389 0.7426 0.7300 0.6002 0.7495 0.7766 0.7745 0.4684 0.6692 0.7026 0.5889 0.7745 0.6959 0.7273 0.5649
MALTO                0.7762 0.7584 0.8030 0.8067 0.7677 0.8737 0.8030 0.7411 0.7758 0.7895 0.8067 0.8356 0.8390 0.8128 0.8152 0.6497 0.8229 0.7769 0.0000 0.8014 0.8146 0.7584 0.8091 0.7639 0.8030 0.7828 0.8181 0.8215 0.7762 0.7758 0.7905 0.7665 0.7865 0.8049 0.8356 0.7555 0.8071 0.8313 0.8049
MANDA_INDIA          0.6710 0.6959 0.7757 0.7749 0.7807 0.7857 0.7521 0.6836 0.6959 0.7648 0.7612 0.7026 0.8152 0.7787 0.7715 0.7300 0.6070 0.7515 0.8014 0.0000 0.7807 0.6959 0.6613 0.6692 0.7361 0.6813 0.5733 0.7547 0.7178 0.7125 0.7417 0.7274 0.7841 0.7865 0.7612 0.6924 0.6924 0.7396 0.7590
MUTHUVAN             0.7138 0.7651 0.6766 0.6351 0.6089 0.8080 0.7939 0.7639 0.7833 0.6533 0.6558 0.7830 0.7232 0.6524 0.7785 0.7807 0.7351 0.5873 0.8146 0.7807 0.0000 0.7651 0.7651 0.7525 0.7361 0.7411 0.7253 0.6062 0.7495 0.7833 0.7807 0.5153 0.8197 0.7465 0.7138 0.7622 0.7026 0.6410 0.6081
NORTHERN_GONDI       0.4397 0.0535 0.7469 0.7026 0.6951 0.7745 0.3123 0.2981 0.1519 0.7352 0.7218 0.6828 0.7324 0.7026 0.5815 0.7372 0.6669 0.7766 0.7584 0.6959 0.7651 0.0000 0.6486 0.1479 0.6309 0.6558 0.6946 0.6846 0.3462 0.2811 0.3045 0.7495 0.7257 0.6987 0.7404 0.0276 0.3792 0.6903 0.7182
NORTHWESTERN_KOLAMI  0.6190 0.6246 0.7315 0.7026 0.6951 0.8030 0.6050 0.6132 0.5996 0.7352 0.7404 0.4684 0.7324 0.7026 0.6246 0.7182 0.6870 0.6993 0.8091 0.6613 0.7651 0.6486 0.0000 0.5878 0.6797 0.6558 0.7145 0.7071 0.6410 0.6246 0.6183 0.7164 0.6572 0.7733 0.7584 0.6429 0.5927 0.7107 0.7372
NORTH_BASTAR_GONDI   0.4015 0.1013 0.7370 0.6911 0.7026 0.7787 0.2642 0.3259 0.1013 0.7261 0.7287 0.6510 0.7396 0.7304 0.5259 0.7253 0.6558 0.7519 0.7639 0.6692 0.7525 0.1479 0.5878 0.0000 0.6429 0.6450 0.6828 0.6940 0.3708 0.1922 0.2162 0.7547 0.7156 0.7253 0.7465 0.1266 0.3346 0.6574 0.7253
OLLARI_GADBA         0.6692 0.6309 0.7389 0.6903 0.6828 0.7976 0.6636 0.6643 0.6558 0.7422 0.6692 0.7495 0.7206 0.7113 0.7465 0.7269 0.7145 0.7389 0.8030 0.7361 0.7361 0.6309 0.6797 0.6429 0.0000 0.6623 0.7232 0.6933 0.6903 0.6558 0.6501 0.7239 0.7807 0.7067 0.6903 0.6501 0.6501 0.7396 0.6643
PARJI_2              0.6671 0.6758 0.7426 0.7026 0.7125 0.8184 0.7404 0.6813 0.6758 0.7054 0.6294 0.6852 0.7807 0.7206 0.7187 0.7495 0.6712 0.7426 0.7828 0.6813 0.7411 0.6558 0.6558 0.6450 0.6623 0.0000 0.7131 0.6461 0.7026 0.6758 0.7102 0.7150 0.7788 0.6991 0.7026 0.6714 0.6510 0.7440 0.6630
PENGO                0.6840 0.6946 0.7447 0.7381 0.7629 0.7846 0.7622 0.6989 0.7145 0.7198 0.7381 0.7715 0.8197 0.7584 0.7828 0.7853 0.6089 0.7300 0.8181 0.5733 0.7253 0.6946 0.7145 0.6828 0.7232 0.7131 0.0000 0.7269 0.7206 0.7339 0.7495 0.6993 0.8096 0.7853 0.7206 0.6903 0.7107 0.7465 0.7173
RAVULA               0.7145 0.7071 0.5799 0.5833 0.6023 0.7700 0.7387 0.7107 0.7071 0.6334 0.5585 0.7145 0.6558 0.5996 0.7319 0.7679 0.7182 0.6002 0.8215 0.7547 0.6062 0.6846 0.7071 0.6940 0.6933 0.6461 0.7269 0.0000 0.7339 0.7071 0.7026 0.5933 0.7677 0.7107 0.6072 0.7026 0.6309 0.6813 0.5246
SOUTHERN_GONDI       0.4769 0.3123 0.7634 0.7097 0.7196 0.8014 0.4385 0.1874 0.3787 0.7385 0.7440 0.6346 0.7733 0.7465 0.5153 0.7062 0.6955 0.7495 0.7762 0.7178 0.7495 0.3462 0.6410 0.3708 0.6903 0.7026 0.7206 0.7339 0.0000 0.4684 0.4294 0.7519 0.6995 0.7239 0.7440 0.3331 0.3666 0.6989 0.7411
SOUTH_BASTAR_GONDI   0.3787 0.2402 0.7766 0.7404 0.7138 0.8167 0.2279 0.4294 0.1519 0.7634 0.7404 0.6828 0.7324 0.7622 0.5110 0.7555 0.7065 0.7766 0.7758 0.7125 0.7833 0.2811 0.6246 0.1922 0.6558 0.6758 0.7339 0.7071 0.4684 0.0000 0.1301 0.7807 0.7417 0.7372 0.7758 0.2642 0.4471 0.7107 0.7372
SOUTH_EASTERN_GONDI  0.3987 0.2642 0.7745 0.7182 0.7102 0.8012 0.1102 0.3870 0.1772 0.7612 0.7372 0.6574 0.7287 0.7396 0.4504 0.7525 0.6828 0.7745 0.7905 0.7417 0.7807 0.3045 0.6183 0.2162 0.6501 0.7102 0.7495 0.7026 0.4294 0.1301 0.0000 0.7937 0.7060 0.7525 0.7905 0.2883 0.4015 0.7067 0.7339
TAMIL_2              0.7058 0.7653 0.5794 0.5416 0.5786 0.8030 0.8049 0.7495 0.7807 0.5285 0.5205 0.7216 0.6955 0.5529 0.7495 0.7187 0.7245 0.4684 0.7665 0.7274 0.5153 0.7495 0.7164 0.7547 0.7239 0.7150 0.6993 0.5933 0.7519 0.7807 0.7937 0.0000 0.6969 0.6517 0.6381 0.7629 0.7131 0.6246 0.4446
TELUGU_3             0.7150 0.7257 0.7495 0.6995 0.7234 0.8295 0.7164 0.7120 0.7093 0.7026 0.7150 0.6334 0.7389 0.6653 0.6371 0.7708 0.7178 0.6692 0.7865 0.7841 0.8197 0.7257 0.6572 0.7156 0.7807 0.7788 0.8096 0.7677 0.6995 0.7417 0.7060 0.6969 0.0000 0.7567 0.6995 0.7389 0.6889 0.7519 0.6963
TODA_2               0.6880 0.7182 0.7026 0.6089 0.6630 0.8376 0.7651 0.7026 0.7372 0.6940 0.5875 0.7577 0.7706 0.6461 0.7547 0.7551 0.7603 0.7026 0.8049 0.7865 0.7465 0.6987 0.7733 0.7253 0.7067 0.6991 0.7853 0.7107 0.7239 0.7372 0.7525 0.6517 0.7567 0.0000 0.7239 0.7145 0.6739 0.7495 0.6246
TULU_INDIA           0.7271 0.7404 0.6417 0.5933 0.6852 0.8142 0.8030 0.7577 0.7584 0.6366 0.6143 0.7440 0.6987 0.6299 0.7723 0.8049 0.7302 0.5889 0.8356 0.7612 0.7138 0.7404 0.7584 0.7465 0.6903 0.7026 0.7206 0.6072 0.7440 0.7758 0.7905 0.6381 0.6995 0.7239 0.0000 0.7555 0.6987 0.7173 0.5875
WESTERN_GONDI        0.4294 0.0276 0.7596 0.7182 0.7102 0.7869 0.2958 0.2832 0.1301 0.7471 0.7372 0.6784 0.7287 0.7194 0.5753 0.7339 0.6623 0.7745 0.7555 0.6924 0.7622 0.0276 0.6429 0.1266 0.6501 0.6714 0.6903 0.7026 0.3331 0.2642 0.2883 0.7629 0.7389 0.7145 0.7555 0.0000 0.3656 0.6859 0.7339
WESTERN_MURIA        0.3987 0.3427 0.7125 0.6132 0.6714 0.7572 0.4113 0.3539 0.3427 0.7026 0.6574 0.5656 0.7287 0.6984 0.5031 0.7339 0.5962 0.6959 0.8071 0.6924 0.7026 0.3792 0.5927 0.3346 0.6501 0.6510 0.7107 0.6309 0.3666 0.4471 0.4015 0.7131 0.6889 0.6739 0.6987 0.3656 0.0000 0.6187 0.6739
YERUKULA             0.6800 0.6692 0.6802 0.6402 0.6346 0.8226 0.7194 0.6758 0.6692 0.7026 0.6989 0.7173 0.7651 0.6987 0.7332 0.7495 0.7026 0.7273 0.8313 0.7396 0.6410 0.6903 0.7107 0.6574 0.7396 0.7440 0.7465 0.6813 0.6989 0.7107 0.7067 0.6246 0.7519 0.7495 0.7173 0.6859 0.6187 0.0000 0.6758
YERUVA               0.6880 0.7372 0.5649 0.4940 0.5399 0.7997 0.7651 0.7381 0.7555 0.5278 0.1874 0.7411 0.6739 0.5045 0.7389 0.7715 0.7271 0.5649 0.8049 0.7590 0.6081 0.7182 0.7372 0.7253 0.6643 0.6630 0.7173 0.5246 0.7411 0.7372 0.7339 0.4446 0.6963 0.6246 0.5875 0.7339 0.6739 0.6758 0.0000
