 18
BINE_KUNINI     0.0000 0.8493 0.8505 0.8517 0.8630 0.7362 0.7904 0.7512 0.7763 0.8151 0.7739 0.7595 0.7568 0.7568 0.7330 0.7568 0.7662 0.8030
GIZRRA_KUPERE   0.8493 0.0000 0.0239 0.1331 0.8505 0.8082 0.8100 0.8064 0.7808 0.8186 0.7945 0.7965 0.7945 0.8100 0.7904 0.7945 0.7882 0.8073
GIZRRA_TOGO     0.8505 0.0239 0.0000 0.1109 0.8517 0.8100 0.8117 0.8082 0.7830 0.8203 0.7965 0.7984 0.7965 0.8117 0.7925 0.7965 0.7904 0.8093
GIZRRA_WAIDORO  0.8517 0.1331 0.1109 0.0000 0.8528 0.8117 0.8134 0.8100 0.7851 0.8219 0.7984 0.8003 0.7984 0.8134 0.7945 0.7984 0.7925 0.8113
MERIAM          0.8630 0.8505 0.8517 0.8528 0.0000 0.8064 0.8082 0.8045 0.8100 0.8327 0.8082 0.8100 0.7925 0.7925 0.8203 0.8082 0.8186 0.8564
UME             0.7362 0.8082 0.8100 0.8117 0.8064 0.0000 0.2633 0.2691 0.3105 0.5195 0.3299 0.3726 0.2633 0.1905 0.2691 0.3299 0.3240 0.6027
WIPI_ABAM       0.7904 0.8100 0.8117 0.8134 0.8082 0.2633 0.0000 0.3171 0.3836 0.5758 0.4018 0.4394 0.2430 0.1300 0.4099 0.4570 0.3687 0.5845
WIPI_DOROGORI   0.7512 0.8064 0.8082 0.8100 0.8045 0.2691 0.3171 0.0000 0.3912 0.4562 0.4658 0.4201 0.2117 0.2117 0.3881 0.4384 0.4075 0.5962
WIPI_GAMAEWE    0.7763 0.7808 0.7830 0.7851 0.8100 0.3105 0.3836 0.3912 0.0000 0.5097 0.3232 0.3042 0.2577 0.2911 0.3299 0.2911 0.3493 0.5662
WIPI_GUIAM      0.8151 0.8186 0.8203 0.8219 0.8327 0.5195 0.5758 0.4562 0.5097 0.0000 0.5273 0.4837 0.4749 0.5273 0.5114 0.4749 0.4753 0.6575
WIPI_IAMEGA     0.7739 0.7945 0.7965 0.7984 0.8082 0.3299 0.4018 0.4658 0.3232 0.5273 0.0000 0.2228 0.3422 0.3726 0.2484 0.2775 0.1950 0.5323
WIPI_KAPAL      0.7595 0.7965 0.7984 0.8003 0.8100 0.3726 0.4394 0.4201 0.3042 0.4837 0.2228 0.0000 0.3232 0.3540 0.2633 0.2228 0.3171 0.5133
WIPI_KURU       0.7568 0.7945 0.7965 0.7984 0.7925 0.2633 0.2430 0.2117 0.2577 0.4749 0.3422 0.3232 0.0000 0.1300 0.3493 0.3726 0.3369 0.5589
WIPI_PEAWA      0.7568 0.8100 0.8117 0.8134 0.7925 0.1905 0.1300 0.2117 0.2911 0.5273 0.3726 0.3540 0.1300 0.0000 0.3493 0.4018 0.3369 0.5589
WIPI_PODARI     0.7330 0.7904 0.7925 0.7945 0.8203 0.2691 0.4099 0.3881 0.3299 0.5114 0.2484 0.2633 0.3493 0.3493 0.0000 0.2484 0.1996 0.5703
WIPI_WIPIM      0.7568 0.7945 0.7965 0.7984 0.8082 0.3299 0.4570 0.4384 0.2911 0.4749 0.2775 0.2228 0.3726 0.4018 0.2484 0.0000 0.3369 0.6091
WIPI_WONIE      0.7662 0.7882 0.7904 0.7925 0.8186 0.3240 0.3687 0.4075 0.3493 0.4753 0.1950 0.3171 0.3369 0.3369 0.1996 0.3369 0.0000 0.5351
WIPI_YUTA       0.8030 0.8073 0.8093 0.8113 0.8564 0.6027 0.5845 0.5962 0.5662 0.6575 0.5323 0.5133 0.5589 0.5589 0.5703 0.6091 0.5351 0.0000
