 13
ALEUT                            0.0000 0.9326 0.9492 0.9408 0.9506 0.9512 0.9381 0.9376 0.9420 0.9146 0.9390 0.9361 0.9485
CENTRAL_SIBERIAN_YUPIK           0.9326 0.0000 0.6942 0.7805 0.7569 0.7441 0.7401 0.6918 0.7355 0.4974 0.7276 0.3331 0.6570
C_YUPIK                          0.9492 0.6942 0.0000 0.8107 0.7743 0.7622 0.7774 0.6945 0.7526 0.6969 0.7278 0.7233 0.7937
EAST_GREENLANDIC                 0.9408 0.7805 0.8107 0.0000 0.7885 0.7453 0.6698 0.6844 0.7222 0.8005 0.6407 0.7970 0.8223
INUKTITUT_EASTERN_CANADIAN       0.9506 0.7569 0.7743 0.7885 0.0000 0.5226 0.4878 0.3252 0.5118 0.7135 0.4517 0.7396 0.7276
INUPIAQ                          0.9512 0.7441 0.7622 0.7453 0.5226 0.0000 0.4789 0.3512 0.3193 0.7030 0.4704 0.7470 0.7357
KALAALLISUT                      0.9381 0.7401 0.7774 0.6698 0.4878 0.4789 0.0000 0.3707 0.4715 0.7352 0.2439 0.7622 0.7317
KANGIRYUARMIUTUN                 0.9376 0.6918 0.6945 0.6844 0.3252 0.3512 0.3707 0.0000 0.3833 0.6555 0.3317 0.6992 0.6846
NORTHWEST_ALASKA_INUPIATUN       0.9420 0.7355 0.7526 0.7222 0.5118 0.3193 0.4715 0.3833 0.0000 0.7154 0.4390 0.7558 0.7281
ST_LAWRENCE_YUPIK                0.9146 0.4974 0.6969 0.8005 0.7135 0.7030 0.7352 0.6555 0.7154 0.0000 0.7070 0.4418 0.6877
WEST_GREENLANDIC                 0.9390 0.7276 0.7278 0.6407 0.4517 0.4704 0.2439 0.3317 0.4390 0.7070 0.0000 0.7317 0.7197
YUPIK_CENTRAL_SIBERIAN_CHAPLINO  0.9361 0.3331 0.7233 0.7970 0.7396 0.7470 0.7622 0.6992 0.7558 0.4418 0.7317 0.0000 0.6685
YUPIK_SIRENIK                    0.9485 0.6570 0.7937 0.8223 0.7276 0.7357 0.7317 0.6846 0.7281 0.6877 0.7197 0.6685 0.0000
