 10
BUAN                   0.0000 0.9227 0.9352 0.9337 0.8615 0.9106 0.9496 0.9773 0.8756 0.8938
DJAUAN                 0.9227 0.0000 0.9743 0.9430 0.9600 0.9170 0.9745 0.9633 0.9287 0.8651
GUNBALANG_WARLANG      0.9352 0.9743 0.0000 0.9076 0.8945 0.9747 0.9591 0.9626 0.9430 0.9596
GUNWINGGU_GUN_DJEIHMI  0.9337 0.9430 0.9076 0.0000 0.6525 0.8960 0.9737 0.9480 0.8898 0.9268
GUNWINGGU_KUNE         0.8615 0.9600 0.8945 0.6525 0.0000 0.9159 0.9596 0.9760 0.8770 0.9137
NGALAKAN               0.9106 0.9170 0.9747 0.8960 0.9159 0.0000 0.9159 0.9764 0.8474 0.9170
NGANDI                 0.9496 0.9745 0.9591 0.9737 0.9596 0.9159 0.0000 0.9760 0.9278 0.9450
NUNGGUBUYU             0.9773 0.9633 0.9626 0.9480 0.9760 0.9764 0.9760 0.0000 0.9626 0.9761
RAINBARNGO             0.8756 0.9287 0.9430 0.8898 0.8770 0.8474 0.9278 0.9626 0.0000 0.8960
WARAY                  0.8938 0.8651 0.9596 0.9268 0.9137 0.9170 0.9450 0.9761 0.8960 0.0000
