 12
ANI            0.0000 0.4826 0.4597 0.6139 0.3852 0.5579 0.4266 0.6823 0.6054 0.4533 0.5721 0.3411
GWI            0.4826 0.0000 0.1453 0.6781 0.5489 0.6538 0.5293 0.6858 0.6698 0.5467 0.5513 0.5860
GXANA          0.4597 0.1453 0.0000 0.6781 0.5030 0.6163 0.5072 0.6715 0.6827 0.5261 0.5513 0.5467
KHOEKHOEGOWAB  0.6139 0.6781 0.6781 0.0000 0.6850 0.4940 0.6508 0.7096 0.4241 0.6742 0.6379 0.6139
KHWE           0.3852 0.5489 0.5030 0.6850 0.0000 0.6357 0.5307 0.6609 0.6902 0.5515 0.6145 0.5267
KORANA         0.5579 0.6538 0.6163 0.4940 0.6357 0.0000 0.4843 0.7436 0.5449 0.5338 0.6706 0.5338
KXOE           0.4266 0.5293 0.5072 0.6508 0.5307 0.4843 0.0000 0.7202 0.6262 0.3980 0.5950 0.4804
MASARWA_TATI   0.6823 0.6858 0.6715 0.7096 0.6609 0.7436 0.7202 0.0000 0.7014 0.7404 0.6424 0.6340
NAMA_2         0.6054 0.6698 0.6827 0.4241 0.6902 0.5449 0.6262 0.7014 0.0000 0.6362 0.5435 0.5894
NARO           0.4533 0.5467 0.5261 0.6742 0.5515 0.5338 0.3980 0.7404 0.6362 0.0000 0.5145 0.5489
NARON          0.5721 0.5513 0.5513 0.6379 0.6145 0.6706 0.5950 0.6424 0.5435 0.5145 0.0000 0.6076
SHUA           0.3411 0.5860 0.5467 0.6139 0.5267 0.5338 0.4804 0.6340 0.5894 0.5489 0.6076 0.0000
