 6
DOROMU            0.0000 0.1909 0.1868 0.2024 0.4092 0.4036
DOROMU_ARAMAIKA   0.1909 0.0000 0.1131 0.2270 0.3906 0.3342
DOROMU_BAREIKA    0.1868 0.1131 0.0000 0.2216 0.3645 0.3269
DOROMU_LOFAIKA    0.2024 0.2270 0.2216 0.0000 0.4321 0.4092
MARIA             0.4092 0.3906 0.3645 0.4321 0.0000 0.2721
MARIA_MARANOMU_1  0.4036 0.3342 0.3269 0.4092 0.2721 0.0000
