 9
CENTRAL_SIERRA_MIWOK   0.0000 0.7765 0.7533 0.8104 0.4758 0.8140 0.6424 0.8188 0.4502
MIWOK_BODEGA           0.7765 0.0000 0.5288 0.8044 0.6882 0.5038 0.6985 0.8113 0.6882
MIWOK_LAKE             0.7533 0.5288 0.0000 0.8097 0.7010 0.7169 0.6783 0.8171 0.6850
MUTSUN                 0.8104 0.8044 0.8097 0.0000 0.7866 0.8353 0.7960 0.7291 0.7866
NORTHERN_SIERRA_MIWOK  0.4758 0.6882 0.7010 0.7866 0.0000 0.7692 0.5535 0.8045 0.4814
OLAMENTKE              0.8140 0.5038 0.7169 0.8353 0.7692 0.0000 0.7962 0.8329 0.7533
PLAINS_MIWOK           0.6424 0.6985 0.6783 0.7960 0.5535 0.7962 0.0000 0.8297 0.6300
RUMSEN                 0.8188 0.8113 0.8171 0.7291 0.8045 0.8329 0.8297 0.0000 0.8045
S_SIERRA_MIWOK         0.4502 0.6882 0.6850 0.7866 0.4814 0.7533 0.6300 0.8045 0.0000
