 54
AGUL                 0.0000 0.8889 0.9117 0.8606 0.8502 0.7446 0.8516 0.8631 0.8767 0.8724 0.8724 0.8529 0.8712 0.8488 0.8593 0.8841 0.8841 0.8579 0.6444 0.8502 0.9222 0.7954 0.8488 0.8516 0.8643 0.7862 0.8992 0.8700 0.8516 0.8631 0.8035 0.8427 0.5524 0.7886 0.7043 0.8321 0.6298 0.6865 0.7116 0.8880 0.8056 0.8906 0.6399 0.5301 0.8992 0.8096 0.8416 0.5273 0.8593 0.8631 0.7185 0.8735 0.8688 0.8230
AKHVAKH              0.8889 0.0000 0.9222 0.6298 0.7116 0.8443 0.7932 0.8056 0.8354 0.7991 0.8140 0.8235 0.8688 0.8458 0.6246 0.9077 0.8120 0.6193 0.8942 0.6585 0.9091 0.8861 0.5949 0.8076 0.7932 0.8821 0.9217 0.8099 0.8746 0.5370 0.8565 0.7624 0.8700 0.8700 0.9201 0.8286 0.9077 0.9077 0.9212 0.8337 0.9091 0.4189 0.9000 0.9325 0.8321 0.8984 0.4437 0.8767 0.5831 0.6204 0.9105 0.8013 0.8932 0.8776
AKKIN_CHECHEN        0.9117 0.9222 0.0000 0.8959 0.9217 0.8831 0.8984 0.9098 0.8984 0.9077 0.8951 0.9111 0.9070 0.9091 0.9201 0.7457 0.9070 0.9070 0.9062 0.8976 0.5388 0.8976 0.8968 0.9222 0.9222 0.8810 0.5457 0.9189 0.8861 0.8976 0.8821 0.9062 0.9077 0.8951 0.8942 0.8688 0.9070 0.8942 0.8831 0.9217 0.9206 0.9232 0.8871 0.9201 0.9212 0.8976 0.9000 0.9117 0.8951 0.8851 0.9098 0.9206 0.9055 0.8764
ANDI                 0.8606 0.6298 0.8959 0.0000 0.4143 0.8099 0.7707 0.7991 0.8303 0.7921 0.8078 0.8179 0.8507 0.8411 0.4661 0.9055 0.7897 0.5088 0.8491 0.4915 0.8942 0.8700 0.4833 0.8013 0.7707 0.8649 0.9077 0.7705 0.8712 0.5388 0.8078 0.7177 0.8078 0.8522 0.8649 0.8230 0.8649 0.8649 0.8810 0.8140 0.8942 0.6585 0.8851 0.9062 0.8120 0.8959 0.6397 0.8473 0.4394 0.5831 0.8565 0.7787 0.9039 0.8593
ANDI_MUNI            0.8502 0.7116 0.9217 0.4143 0.0000 0.8286 0.7909 0.8035 0.8337 0.8411 0.8120 0.8217 0.8395 0.8443 0.5546 0.8942 0.7945 0.6344 0.8799 0.6152 0.9206 0.8724 0.5457 0.8198 0.7604 0.8675 0.9212 0.7761 0.8861 0.6539 0.8268 0.7250 0.8411 0.8821 0.8810 0.8688 0.8810 0.8810 0.8959 0.8321 0.8959 0.6671 0.8746 0.8951 0.8303 0.8976 0.6490 0.8502 0.5769 0.5949 0.8593 0.7991 0.9183 0.8764
ARCHI                0.7446 0.8443 0.8831 0.8099 0.8286 0.0000 0.7862 0.7991 0.8303 0.7921 0.8078 0.8321 0.8360 0.8120 0.7921 0.9055 0.8507 0.8360 0.7705 0.7991 0.8675 0.7680 0.7968 0.8160 0.8303 0.8056 0.8951 0.8342 0.8303 0.8427 0.7761 0.7705 0.7761 0.8230 0.7733 0.8378 0.8056 0.8056 0.8395 0.8427 0.8395 0.8337 0.8321 0.8230 0.8411 0.8140 0.8198 0.7909 0.7921 0.8286 0.7838 0.8395 0.8622 0.7791
AVAR                 0.8516 0.7932 0.8984 0.7707 0.7909 0.7862 0.0000 0.4913 0.4511 0.3867 0.5156 0.4350 0.5769 0.5949 0.7838 0.8688 0.8551 0.7653 0.8675 0.7604 0.8968 0.8337 0.7577 0.8217 0.8217 0.8688 0.8851 0.8249 0.8618 0.7759 0.8286 0.7945 0.8286 0.8565 0.8411 0.8427 0.8551 0.8688 0.8841 0.8337 0.8841 0.7975 0.8757 0.8831 0.8321 0.8984 0.7684 0.8516 0.7519 0.7759 0.8473 0.8013 0.8378 0.8491
AVAR_ANDALAL         0.8631 0.8056 0.9098 0.7991 0.8035 0.7991 0.4913 0.0000 0.3901 0.4042 0.4042 0.3731 0.4488 0.4500 0.7968 0.8942 0.8395 0.7787 0.8932 0.7886 0.9084 0.8458 0.7707 0.8473 0.8056 0.8675 0.9212 0.8230 0.8735 0.8035 0.8551 0.7921 0.8411 0.8551 0.8675 0.8411 0.8675 0.8675 0.8959 0.8321 0.8831 0.7954 0.8871 0.8951 0.8303 0.8976 0.7808 0.8631 0.7653 0.7733 0.8724 0.7991 0.8507 0.8622
AVAR_ANTSUKH         0.8767 0.8354 0.8984 0.8303 0.8337 0.8303 0.4511 0.3901 0.0000 0.4143 0.3867 0.2685 0.4042 0.3515 0.8427 0.8821 0.8551 0.8268 0.8942 0.8198 0.8968 0.8606 0.8179 0.8488 0.8354 0.8821 0.8976 0.8675 0.8746 0.8056 0.8700 0.8395 0.8700 0.8700 0.8688 0.8286 0.8688 0.8688 0.8712 0.8735 0.8841 0.8386 0.8880 0.8959 0.8724 0.9105 0.8115 0.8767 0.8140 0.7759 0.8861 0.8443 0.8230 0.8636
AVAR_BATLUKH         0.8724 0.7991 0.9077 0.7921 0.8411 0.7921 0.3867 0.4042 0.4143 0.0000 0.4296 0.3401 0.5257 0.5000 0.7897 0.8776 0.8491 0.7871 0.8622 0.7813 0.9062 0.8551 0.7624 0.8286 0.8286 0.8636 0.8942 0.8324 0.8700 0.7813 0.8360 0.8169 0.8507 0.8507 0.8636 0.8210 0.8636 0.8636 0.8799 0.8268 0.8932 0.8035 0.8841 0.8923 0.8249 0.8951 0.8035 0.8724 0.7565 0.7968 0.8688 0.8230 0.8305 0.8424
AVAR_HID             0.8724 0.8140 0.8951 0.8078 0.8120 0.8078 0.5156 0.4042 0.3867 0.4296 0.0000 0.3970 0.5257 0.5243 0.8210 0.8913 0.8342 0.8033 0.8904 0.8120 0.9062 0.8551 0.7945 0.8286 0.8427 0.8776 0.9070 0.8475 0.8831 0.8120 0.8788 0.8169 0.8649 0.8649 0.8636 0.8360 0.8491 0.8491 0.8662 0.8551 0.8932 0.8035 0.8841 0.8923 0.8537 0.9077 0.7886 0.8724 0.7897 0.7813 0.8821 0.8378 0.8305 0.8727
AVAR_KARAKH          0.8529 0.8235 0.9111 0.8179 0.8217 0.8321 0.4350 0.3731 0.2685 0.3401 0.3970 0.0000 0.3580 0.4167 0.8303 0.8959 0.8565 0.8140 0.8821 0.8217 0.9098 0.8354 0.8056 0.8370 0.8235 0.8700 0.9105 0.8268 0.8757 0.7932 0.8443 0.7968 0.8579 0.8443 0.8831 0.8303 0.8700 0.8700 0.8851 0.8488 0.8851 0.8134 0.8643 0.8712 0.8473 0.8992 0.7854 0.8655 0.8013 0.7315 0.8488 0.8321 0.8249 0.8649
AVAR_KUSUR           0.8712 0.8688 0.9070 0.8507 0.8395 0.8360 0.5769 0.4488 0.4042 0.5257 0.5257 0.3580 0.0000 0.3532 0.8342 0.8904 0.8904 0.8475 0.8607 0.8395 0.9055 0.8099 0.8378 0.8688 0.8688 0.8475 0.9189 0.8752 0.8551 0.8537 0.8342 0.8607 0.8636 0.8636 0.8764 0.8491 0.8475 0.8622 0.8649 0.8810 0.8649 0.8712 0.9084 0.8776 0.8799 0.8810 0.8579 0.8841 0.8491 0.7787 0.8537 0.8649 0.8593 0.8562
AVAR_ZAKATALY        0.8488 0.8458 0.9091 0.8411 0.8443 0.8120 0.5949 0.4500 0.3515 0.5000 0.5243 0.4167 0.3532 0.0000 0.8249 0.8932 0.8799 0.8378 0.8507 0.8443 0.9077 0.8303 0.8140 0.8593 0.8593 0.8522 0.9084 0.8923 0.8458 0.8303 0.8537 0.8507 0.8395 0.8675 0.8378 0.8675 0.8230 0.8230 0.8551 0.8968 0.8551 0.8618 0.8861 0.8675 0.8959 0.8841 0.8488 0.8488 0.8249 0.7862 0.8579 0.8551 0.8342 0.8458
BAGWALAL             0.8593 0.6246 0.9201 0.4661 0.5546 0.7921 0.7838 0.7968 0.8427 0.7897 0.8210 0.8303 0.8342 0.8249 0.0000 0.8913 0.8190 0.4195 0.8622 0.4315 0.9189 0.8411 0.3648 0.7991 0.7838 0.8342 0.9070 0.7845 0.8565 0.4315 0.8056 0.7323 0.8210 0.8507 0.8636 0.8360 0.8636 0.8636 0.8799 0.8120 0.8799 0.6152 0.8841 0.9055 0.8099 0.8688 0.6539 0.8593 0.2417 0.5769 0.8551 0.7921 0.9031 0.8266
BATS                 0.8841 0.9077 0.7457 0.9055 0.8942 0.9055 0.8688 0.8942 0.8821 0.8776 0.8913 0.8959 0.8904 0.8932 0.8913 0.0000 0.9300 0.9039 0.9031 0.8810 0.7030 0.8810 0.8662 0.8951 0.9077 0.8622 0.6291 0.9165 0.8411 0.8942 0.8913 0.9031 0.8776 0.8913 0.9171 0.8776 0.8904 0.9171 0.9055 0.9070 0.8788 0.9212 0.8565 0.8776 0.9189 0.8810 0.8841 0.8579 0.8913 0.8810 0.8810 0.9055 0.8441 0.8406
BEZHTA               0.8841 0.8120 0.9070 0.7897 0.7945 0.8507 0.8551 0.8395 0.8551 0.8491 0.8342 0.8565 0.8904 0.8799 0.8190 0.9300 0.0000 0.7845 0.8752 0.7787 0.9183 0.8810 0.7921 0.6591 0.4579 0.9039 0.9189 0.5596 0.8821 0.8395 0.8636 0.6283 0.8636 0.9047 0.9039 0.8342 0.8764 0.8764 0.8788 0.6344 0.8923 0.7707 0.9084 0.9047 0.6291 0.9195 0.7707 0.9091 0.8033 0.8249 0.9070 0.5800 0.9022 0.9005
BOTLIKH              0.8579 0.6193 0.9070 0.5088 0.6344 0.8360 0.7653 0.7787 0.8268 0.7871 0.8033 0.8140 0.8475 0.8378 0.4195 0.9039 0.7845 0.0000 0.8893 0.5000 0.9183 0.8537 0.3532 0.7968 0.7813 0.8622 0.9062 0.7819 0.8688 0.5243 0.8190 0.7287 0.8342 0.8491 0.9039 0.8342 0.8904 0.8904 0.9055 0.8099 0.8923 0.6681 0.8959 0.9047 0.8078 0.8942 0.6298 0.8712 0.3904 0.6544 0.8810 0.7733 0.9022 0.8562
BUDUKH               0.6444 0.8942 0.9062 0.8491 0.8799 0.7705 0.8675 0.8932 0.8942 0.8622 0.8904 0.8821 0.8607 0.8507 0.8622 0.9031 0.8752 0.8893 0.0000 0.8522 0.8913 0.8378 0.8507 0.8537 0.8675 0.7986 0.9183 0.8740 0.8675 0.8799 0.7138 0.8740 0.3156 0.8324 0.7099 0.8010 0.6497 0.6704 0.6797 0.8799 0.8491 0.8959 0.7813 0.6751 0.8923 0.8230 0.8700 0.6824 0.8622 0.8799 0.7425 0.8776 0.8727 0.8387
CHAMALAL             0.8502 0.6585 0.8976 0.4915 0.6152 0.7991 0.7604 0.7886 0.8198 0.7813 0.8120 0.8217 0.8395 0.8443 0.4315 0.8810 0.7787 0.5000 0.8522 0.0000 0.9084 0.8321 0.3970 0.7759 0.7604 0.8249 0.8841 0.7595 0.8606 0.5071 0.8120 0.7250 0.8120 0.8268 0.8810 0.8268 0.8675 0.8675 0.8831 0.7886 0.8700 0.6671 0.8746 0.8951 0.7862 0.8593 0.6847 0.8370 0.3465 0.6905 0.8458 0.7680 0.9055 0.8324
CHECHEN_2            0.9222 0.9091 0.5388 0.8942 0.9206 0.8675 0.8968 0.9084 0.8968 0.9062 0.9062 0.9098 0.9055 0.9077 0.9189 0.7030 0.9183 0.9183 0.8913 0.9084 0.0000 0.8959 0.9077 0.9212 0.9212 0.9055 0.5546 0.9177 0.9091 0.9084 0.8662 0.8913 0.9062 0.9062 0.9055 0.8799 0.9183 0.8923 0.9070 0.9206 0.9195 0.9222 0.8851 0.9189 0.9201 0.9206 0.8984 0.8984 0.9062 0.8959 0.9084 0.9195 0.8764 0.9022
DARGWA               0.7954 0.8861 0.8976 0.8700 0.8724 0.7680 0.8337 0.8458 0.8606 0.8551 0.8551 0.8354 0.8099 0.8303 0.8411 0.8810 0.8810 0.8537 0.8378 0.8321 0.8959 0.0000 0.8443 0.8984 0.8861 0.4749 0.8841 0.8932 0.6005 0.8724 0.8411 0.8378 0.8411 0.5769 0.8249 0.8268 0.8675 0.8675 0.8700 0.8976 0.4915 0.8880 0.8618 0.8268 0.8968 0.5301 0.8880 0.7658 0.8551 0.8593 0.7733 0.8831 0.8788 0.5667
GODOBERI             0.8488 0.5949 0.8968 0.4833 0.5457 0.7968 0.7577 0.7707 0.8179 0.7624 0.7945 0.8056 0.8378 0.8140 0.3648 0.8662 0.7921 0.3532 0.8507 0.3970 0.9077 0.8443 0.0000 0.7886 0.7733 0.8230 0.8831 0.7733 0.8593 0.4994 0.7787 0.7030 0.8099 0.8395 0.8662 0.8099 0.8662 0.8662 0.8821 0.8013 0.8688 0.6255 0.8735 0.8942 0.7991 0.8579 0.5859 0.8354 0.3346 0.5677 0.8443 0.7813 0.8913 0.8305
HINUKH               0.8516 0.8076 0.9222 0.8013 0.8198 0.8160 0.8217 0.8473 0.8488 0.8286 0.8286 0.8370 0.8688 0.8593 0.7991 0.8951 0.6591 0.7968 0.8537 0.7759 0.9212 0.8984 0.7886 0.0000 0.5859 0.8821 0.9098 0.5925 0.8746 0.8056 0.8427 0.6737 0.8286 0.8700 0.8951 0.8140 0.8551 0.8688 0.8579 0.6204 0.9091 0.8115 0.8370 0.8959 0.5949 0.9105 0.7831 0.8767 0.7838 0.8056 0.8606 0.6097 0.8799 0.8913
HUNZIB               0.8643 0.7932 0.9222 0.7707 0.7604 0.8303 0.8217 0.8056 0.8354 0.8286 0.8427 0.8235 0.8688 0.8593 0.7838 0.9077 0.4579 0.7813 0.8675 0.7604 0.9212 0.8861 0.7733 0.5859 0.0000 0.8688 0.9217 0.4749 0.8746 0.8056 0.8427 0.6344 0.8427 0.8831 0.9201 0.8140 0.8951 0.8951 0.9091 0.5800 0.8968 0.7684 0.8631 0.8959 0.5524 0.8861 0.7532 0.8767 0.7680 0.7759 0.8735 0.5457 0.8932 0.8776
ICARI_DARGI          0.7862 0.8821 0.8810 0.8649 0.8675 0.8056 0.8688 0.8675 0.8821 0.8636 0.8776 0.8700 0.8475 0.8522 0.8342 0.8622 0.9039 0.8622 0.7986 0.8249 0.9055 0.4749 0.8230 0.8821 0.8688 0.0000 0.8799 0.8893 0.5079 0.8675 0.8190 0.8752 0.8033 0.4745 0.8324 0.8033 0.8475 0.8475 0.8507 0.9070 0.5088 0.8841 0.7680 0.8342 0.8932 0.2367 0.8579 0.7548 0.8491 0.8537 0.7457 0.8923 0.8883 0.4833
INGUSH               0.8992 0.9217 0.5457 0.9077 0.9212 0.8951 0.8851 0.9212 0.8976 0.8942 0.9070 0.9105 0.9189 0.9084 0.9070 0.6291 0.9189 0.9062 0.9183 0.8841 0.5546 0.8841 0.8831 0.9098 0.9217 0.8799 0.0000 0.9183 0.8593 0.8841 0.8810 0.9055 0.9195 0.8810 0.9189 0.8942 0.9189 0.9189 0.9201 0.9329 0.8951 0.9227 0.8735 0.9195 0.9325 0.8968 0.9111 0.8746 0.8810 0.8841 0.9212 0.9321 0.8913 0.8458
INKHOKWARI           0.8700 0.8099 0.9189 0.7705 0.7761 0.8342 0.8249 0.8230 0.8675 0.8324 0.8475 0.8268 0.8752 0.8923 0.7845 0.9165 0.5596 0.7819 0.8740 0.7595 0.9177 0.8932 0.7733 0.5925 0.4749 0.8893 0.9183 0.0000 0.8942 0.8078 0.8622 0.3867 0.8475 0.8475 0.9165 0.8622 0.9031 0.9031 0.9047 0.4918 0.9177 0.7991 0.8688 0.9039 0.4296 0.9062 0.7680 0.8959 0.7676 0.7761 0.8662 0.5006 0.8872 0.8850
KAJTAK_DARGI         0.8516 0.8746 0.8861 0.8712 0.8861 0.8303 0.8618 0.8735 0.8746 0.8700 0.8831 0.8757 0.8551 0.8458 0.8565 0.8411 0.8821 0.8688 0.8675 0.8606 0.9091 0.6005 0.8593 0.8746 0.8746 0.5079 0.8593 0.8942 0.0000 0.8735 0.8427 0.8810 0.8565 0.6246 0.8688 0.8700 0.8951 0.8951 0.8968 0.9222 0.5230 0.8767 0.8235 0.8959 0.9098 0.5145 0.8767 0.8252 0.8700 0.8606 0.8473 0.8841 0.8932 0.2959
KARATA               0.8631 0.5370 0.8976 0.5388 0.6539 0.8427 0.7759 0.8035 0.8056 0.7813 0.8120 0.7932 0.8537 0.8303 0.4315 0.8942 0.8395 0.5243 0.8799 0.5071 0.9084 0.8724 0.4994 0.8056 0.8056 0.8675 0.8841 0.8078 0.8735 0.0000 0.8411 0.7425 0.8411 0.8551 0.8942 0.8411 0.8810 0.8810 0.8959 0.8458 0.8959 0.6113 0.8746 0.9077 0.8443 0.8976 0.6304 0.8502 0.3465 0.5740 0.8593 0.8140 0.8923 0.8622
KHINALUG             0.8035 0.8565 0.8821 0.8078 0.8268 0.7761 0.8286 0.8551 0.8700 0.8360 0.8788 0.8443 0.8342 0.8537 0.8056 0.8913 0.8636 0.8190 0.7138 0.8120 0.8662 0.8411 0.7787 0.8427 0.8427 0.8190 0.8810 0.8622 0.8427 0.8411 0.0000 0.8324 0.7733 0.8360 0.8033 0.7565 0.8190 0.8190 0.8378 0.8821 0.8522 0.8321 0.8303 0.8210 0.8810 0.8411 0.8035 0.7577 0.8056 0.8120 0.7488 0.8662 0.8458 0.8266
KHWARSHI             0.8427 0.7624 0.9062 0.7177 0.7250 0.7705 0.7945 0.7921 0.8395 0.8169 0.8169 0.7968 0.8607 0.8507 0.7323 0.9031 0.6283 0.7287 0.8740 0.7250 0.8913 0.8378 0.7030 0.6737 0.6344 0.8752 0.9055 0.3867 0.8810 0.7425 0.8324 0.0000 0.8475 0.8475 0.8893 0.8622 0.8893 0.8893 0.9047 0.5863 0.8913 0.7181 0.8688 0.8904 0.5800 0.8932 0.6824 0.8700 0.6948 0.7250 0.8522 0.5734 0.8872 0.8700
KRYZ                 0.5524 0.8700 0.9077 0.8078 0.8411 0.7761 0.8286 0.8411 0.8700 0.8507 0.8649 0.8579 0.8636 0.8395 0.8210 0.8776 0.8636 0.8342 0.3156 0.8120 0.9062 0.8411 0.8099 0.8286 0.8427 0.8033 0.9195 0.8475 0.8565 0.8411 0.7733 0.8475 0.0000 0.8360 0.6797 0.8210 0.5961 0.6392 0.6692 0.8688 0.8378 0.8851 0.7384 0.6444 0.8810 0.8268 0.8458 0.6152 0.8210 0.8551 0.7488 0.8378 0.8607 0.8266
KUBACHI_DARGI        0.7886 0.8700 0.8951 0.8522 0.8821 0.8230 0.8565 0.8551 0.8700 0.8507 0.8649 0.8443 0.8636 0.8675 0.8507 0.8913 0.9047 0.8491 0.8324 0.8268 0.9062 0.5769 0.8395 0.8700 0.8831 0.4745 0.8810 0.8475 0.6246 0.8551 0.8360 0.8475 0.8360 0.0000 0.8491 0.8210 0.8491 0.8491 0.8662 0.8821 0.6291 0.8724 0.7862 0.8507 0.8675 0.5546 0.8458 0.7577 0.8360 0.8551 0.7968 0.8662 0.8752 0.5936
KUBA_LEZGI           0.7043 0.9201 0.8942 0.8649 0.8810 0.7733 0.8411 0.8675 0.8688 0.8636 0.8636 0.8831 0.8764 0.8378 0.8636 0.9171 0.9039 0.9039 0.7099 0.8810 0.9055 0.8249 0.8662 0.8951 0.9201 0.8324 0.9189 0.9165 0.8688 0.8942 0.8033 0.8893 0.6797 0.8491 0.0000 0.8491 0.4377 0.4377 0.4296 0.9195 0.8649 0.9091 0.8140 0.7534 0.9189 0.8537 0.8968 0.7216 0.8636 0.8942 0.8249 0.9055 0.8593 0.8406
LAK                  0.8321 0.8286 0.8688 0.8230 0.8688 0.8378 0.8427 0.8411 0.8286 0.8210 0.8360 0.8303 0.8491 0.8675 0.8360 0.8776 0.8342 0.8342 0.8010 0.8268 0.8799 0.8268 0.8099 0.8140 0.8140 0.8033 0.8942 0.8622 0.8700 0.8411 0.7565 0.8622 0.8210 0.8210 0.8491 0.0000 0.8342 0.8342 0.8230 0.8268 0.8662 0.8179 0.8579 0.8788 0.8395 0.8268 0.7886 0.8179 0.8210 0.8411 0.8268 0.8378 0.8607 0.8424
LEZGI                0.6298 0.9077 0.9070 0.8649 0.8810 0.8056 0.8551 0.8675 0.8688 0.8636 0.8491 0.8700 0.8475 0.8230 0.8636 0.8904 0.8764 0.8904 0.6497 0.8675 0.9183 0.8675 0.8662 0.8551 0.8951 0.8475 0.9189 0.9031 0.8951 0.8810 0.8190 0.8893 0.5961 0.8491 0.4377 0.8342 0.0000 0.2819 0.3093 0.9070 0.8923 0.9091 0.7680 0.7177 0.9062 0.8675 0.8968 0.6298 0.8636 0.8942 0.8099 0.8788 0.8441 0.8714
LEZGIAN              0.6865 0.9077 0.8942 0.8649 0.8810 0.8056 0.8688 0.8675 0.8688 0.8636 0.8491 0.8700 0.8622 0.8230 0.8636 0.9171 0.8764 0.8904 0.6704 0.8675 0.8923 0.8675 0.8662 0.8688 0.8951 0.8475 0.9189 0.9031 0.8951 0.8810 0.8190 0.8893 0.6392 0.8491 0.4377 0.8342 0.2819 0.0000 0.3412 0.9070 0.8923 0.8968 0.7991 0.7358 0.9062 0.8675 0.8841 0.6865 0.8636 0.8810 0.8249 0.8788 0.8740 0.8714
MIKRAKH_LEZGI        0.7116 0.9212 0.8831 0.8810 0.8959 0.8395 0.8841 0.8959 0.8712 0.8799 0.8662 0.8851 0.8649 0.8551 0.8799 0.9055 0.8788 0.9055 0.6797 0.8831 0.9070 0.8700 0.8821 0.8579 0.9091 0.8507 0.9201 0.9047 0.8968 0.8959 0.8378 0.9047 0.6692 0.8662 0.4296 0.8230 0.3093 0.3412 0.0000 0.8959 0.8942 0.9222 0.8179 0.7761 0.8951 0.8700 0.9105 0.7283 0.8799 0.8959 0.8427 0.8942 0.8622 0.8740
MOKOK_TSEZ           0.8880 0.8337 0.9217 0.8140 0.8321 0.8427 0.8337 0.8321 0.8735 0.8268 0.8551 0.8488 0.8810 0.8968 0.8120 0.9070 0.6344 0.8099 0.8799 0.7886 0.9206 0.8976 0.8013 0.6204 0.5800 0.9070 0.9329 0.4918 0.9222 0.8458 0.8821 0.5863 0.8688 0.8821 0.9195 0.8268 0.9070 0.9070 0.8959 0.0000 0.9325 0.8096 0.9111 0.9201 0.2127 0.9217 0.7954 0.9232 0.7968 0.8321 0.8851 0.3580 0.9055 0.9039
MUIRI_DARGI          0.8056 0.9091 0.9206 0.8942 0.8959 0.8395 0.8841 0.8831 0.8841 0.8932 0.8932 0.8851 0.8649 0.8551 0.8799 0.8788 0.8923 0.8923 0.8491 0.8700 0.9195 0.4915 0.8688 0.9091 0.8968 0.5088 0.8951 0.9177 0.5230 0.8959 0.8522 0.8913 0.8378 0.6291 0.8649 0.8662 0.8923 0.8923 0.8942 0.9325 0.0000 0.9105 0.8593 0.8662 0.9321 0.4915 0.8984 0.8056 0.8932 0.8959 0.7991 0.8942 0.9039 0.5524
NORTHERN_AKHVAKH     0.8906 0.4189 0.9232 0.6585 0.6671 0.8337 0.7975 0.7954 0.8386 0.8035 0.8035 0.8134 0.8712 0.8618 0.6152 0.9212 0.7707 0.6681 0.8959 0.6671 0.9222 0.8880 0.6255 0.8115 0.7684 0.8841 0.9227 0.7991 0.8767 0.6113 0.8321 0.7181 0.8851 0.8724 0.9091 0.8179 0.9091 0.8968 0.9222 0.8096 0.9105 0.0000 0.9015 0.9333 0.8076 0.9000 0.3053 0.9022 0.5740 0.5915 0.9000 0.7909 0.8951 0.8799
NORTHERN_TABASSARAN  0.6399 0.9000 0.8871 0.8851 0.8746 0.8321 0.8757 0.8871 0.8880 0.8841 0.8841 0.8643 0.9084 0.8861 0.8841 0.8565 0.9084 0.8959 0.7813 0.8746 0.8851 0.8618 0.8735 0.8370 0.8631 0.7680 0.8735 0.8688 0.8235 0.8746 0.8303 0.8688 0.7384 0.7862 0.8140 0.8579 0.7680 0.7991 0.8179 0.9111 0.8593 0.9015 0.0000 0.7216 0.8984 0.8076 0.8655 0.5828 0.8712 0.8488 0.7932 0.9098 0.8537 0.8210
RUTUL                0.5301 0.9325 0.9201 0.9062 0.8951 0.8230 0.8831 0.8951 0.8959 0.8923 0.8923 0.8712 0.8776 0.8675 0.9055 0.8776 0.9047 0.9047 0.6751 0.8951 0.9189 0.8268 0.8942 0.8959 0.8959 0.8342 0.9195 0.9039 0.8959 0.9077 0.8210 0.8904 0.6444 0.8507 0.7534 0.8788 0.7177 0.7358 0.7761 0.9201 0.8662 0.9333 0.7216 0.0000 0.9317 0.8688 0.8851 0.6152 0.9055 0.8951 0.6781 0.9189 0.9165 0.8727
SAGADIN_TSEZ         0.8992 0.8321 0.9212 0.8120 0.8303 0.8411 0.8321 0.8303 0.8724 0.8249 0.8537 0.8473 0.8799 0.8959 0.8099 0.9189 0.6291 0.8078 0.8923 0.7862 0.9201 0.8968 0.7991 0.5949 0.5524 0.8932 0.9325 0.4296 0.9098 0.8443 0.8810 0.5800 0.8810 0.8675 0.9189 0.8395 0.9062 0.9062 0.8951 0.2127 0.9321 0.8076 0.8984 0.9317 0.0000 0.9091 0.7784 0.9227 0.7945 0.8160 0.8841 0.4042 0.9047 0.8893
SANZHI_DARGI         0.8096 0.8984 0.8976 0.8959 0.8976 0.8140 0.8984 0.8976 0.9105 0.8951 0.9077 0.8992 0.8810 0.8841 0.8688 0.8810 0.9195 0.8942 0.8230 0.8593 0.9206 0.5301 0.8579 0.9105 0.8861 0.2367 0.8968 0.9062 0.5145 0.8976 0.8411 0.8932 0.8268 0.5546 0.8537 0.8268 0.8675 0.8675 0.8700 0.9217 0.4915 0.9000 0.8076 0.8688 0.9091 0.0000 0.8757 0.7954 0.8821 0.8851 0.7886 0.9084 0.9055 0.4921
SOUTHERN_AKHVAKH     0.8416 0.4437 0.9000 0.6397 0.6490 0.8198 0.7684 0.7808 0.8115 0.8035 0.7886 0.7854 0.8579 0.8488 0.6539 0.8841 0.7707 0.6298 0.8700 0.6847 0.8984 0.8880 0.5859 0.7831 0.7532 0.8579 0.9111 0.7680 0.8767 0.6304 0.8035 0.6824 0.8458 0.8458 0.8968 0.7886 0.8968 0.8841 0.9105 0.7954 0.8984 0.3053 0.8655 0.8851 0.7784 0.8757 0.0000 0.8667 0.6152 0.5286 0.8631 0.7604 0.8951 0.8799
TABASARAN            0.5273 0.8767 0.9117 0.8473 0.8502 0.7909 0.8516 0.8631 0.8767 0.8724 0.8724 0.8655 0.8841 0.8488 0.8593 0.8579 0.9091 0.8712 0.6824 0.8370 0.8984 0.7658 0.8354 0.8767 0.8767 0.7548 0.8746 0.8959 0.8252 0.8502 0.7577 0.8700 0.6152 0.7577 0.7216 0.8179 0.6298 0.6865 0.7283 0.9232 0.8056 0.9022 0.5828 0.6152 0.9227 0.7954 0.8667 0.0000 0.8458 0.8631 0.7347 0.8984 0.8688 0.7921
TINDI                0.8593 0.5831 0.8951 0.4394 0.5769 0.7921 0.7519 0.7653 0.8140 0.7565 0.7897 0.8013 0.8491 0.8249 0.2417 0.8913 0.8033 0.3904 0.8622 0.3465 0.9062 0.8551 0.3346 0.7838 0.7680 0.8491 0.8810 0.7676 0.8700 0.3465 0.8056 0.6948 0.8210 0.8360 0.8636 0.8210 0.8636 0.8636 0.8799 0.7968 0.8932 0.5740 0.8712 0.9055 0.7945 0.8821 0.6152 0.8458 0.0000 0.5769 0.8411 0.7761 0.8893 0.8424
TOKITIN_KARATA       0.8631 0.6204 0.8851 0.5831 0.5949 0.8286 0.7759 0.7733 0.7759 0.7968 0.7813 0.7315 0.7787 0.7862 0.5769 0.8810 0.8249 0.6544 0.8799 0.6905 0.8959 0.8593 0.5677 0.8056 0.7759 0.8537 0.8841 0.7761 0.8606 0.5740 0.8120 0.7250 0.8551 0.8551 0.8942 0.8411 0.8942 0.8810 0.8959 0.8321 0.8959 0.5915 0.8488 0.8951 0.8160 0.8851 0.5286 0.8631 0.5769 0.0000 0.8458 0.8140 0.8923 0.8475
TSAKHUR              0.7185 0.9105 0.9098 0.8565 0.8593 0.7838 0.8473 0.8724 0.8861 0.8688 0.8821 0.8488 0.8537 0.8579 0.8551 0.8810 0.9070 0.8810 0.7425 0.8458 0.9084 0.7733 0.8443 0.8606 0.8735 0.7457 0.9212 0.8662 0.8473 0.8593 0.7488 0.8522 0.7488 0.7968 0.8249 0.8268 0.8099 0.8249 0.8427 0.8851 0.7991 0.9000 0.7932 0.6781 0.8841 0.7886 0.8631 0.7347 0.8411 0.8458 0.0000 0.8831 0.8923 0.8169
TSEZ                 0.8735 0.8013 0.9206 0.7787 0.7991 0.8395 0.8013 0.7991 0.8443 0.8230 0.8378 0.8321 0.8649 0.8551 0.7921 0.9055 0.5800 0.7733 0.8776 0.7680 0.9195 0.8831 0.7813 0.6097 0.5457 0.8923 0.9321 0.5006 0.8841 0.8140 0.8662 0.5734 0.8378 0.8662 0.9055 0.8378 0.8788 0.8788 0.8942 0.3580 0.8942 0.7909 0.9098 0.9189 0.4042 0.9084 0.7604 0.8984 0.7761 0.8140 0.8831 0.0000 0.8764 0.8740
UDI                  0.8688 0.8932 0.9055 0.9039 0.9183 0.8622 0.8378 0.8507 0.8230 0.8305 0.8305 0.8249 0.8593 0.8342 0.9031 0.8441 0.9022 0.9022 0.8727 0.9055 0.8764 0.8788 0.8913 0.8799 0.8932 0.8883 0.8913 0.8872 0.8932 0.8923 0.8458 0.8872 0.8607 0.8752 0.8593 0.8607 0.8441 0.8740 0.8622 0.9055 0.9039 0.8951 0.8537 0.9165 0.9047 0.9055 0.8951 0.8688 0.8893 0.8923 0.8923 0.8764 0.0000 0.8838
XAJDAK_DARGI         0.8230 0.8776 0.8764 0.8593 0.8764 0.7791 0.8491 0.8622 0.8636 0.8424 0.8727 0.8649 0.8562 0.8458 0.8266 0.8406 0.9005 0.8562 0.8387 0.8324 0.9022 0.5667 0.8305 0.8913 0.8776 0.4833 0.8458 0.8850 0.2959 0.8622 0.8266 0.8700 0.8266 0.5936 0.8406 0.8424 0.8714 0.8714 0.8740 0.9039 0.5524 0.8799 0.8210 0.8727 0.8893 0.4921 0.8799 0.7921 0.8424 0.8475 0.8169 0.8740 0.8838 0.0000
