 93
ALOAPAM_ZAPOTEC                       0.0000 0.5972 0.5938 0.9896 0.4668 0.9407 0.7858 0.7567 0.9236 0.9775 0.9635 0.9520 0.9555 0.9648 0.3092 0.9642 0.9617 0.9520 0.6267 0.9401 0.9505 0.4777 0.9510 0.9388 0.6038 0.9654 0.9375 0.9051 0.9642 0.9388 0.9472 0.9772 0.9538 0.9320 0.9628 0.9500 0.9382 0.5218 0.9401 0.9896 0.9896 0.9896 0.9896 0.9896 0.9783 0.9896 0.9896 0.9896 0.9495 0.9525 0.9388 0.9635 0.9484 0.9632 0.9515 0.5301 0.5478 0.5729 0.9346 0.9642 0.9625 0.9209 0.9322 0.9621 0.9125 0.9510 0.5125 0.9466 0.9666 0.9520 0.9896 0.6995 0.9635 0.5729 0.9896 0.9774 0.9382 0.9125 0.5301 0.9361 0.0000 0.9401 0.7458 0.6489 0.5478 0.5301 0.6165 0.5906 0.2827 0.5443 0.5903 0.4948 0.4948
AMATLAN_ZAPOTEC                       0.5972 0.0000 0.5045 0.9896 0.5655 0.9654 0.7460 0.7533 0.9505 0.9648 0.9495 0.9382 0.9307 0.9382 0.5131 0.9769 0.9756 0.9645 0.6206 0.9651 0.9767 0.5678 0.9769 0.9645 0.5972 0.9525 0.9505 0.9425 0.9639 0.9645 0.9613 0.9896 0.9896 0.9785 0.9762 0.9896 0.9771 0.5131 0.9775 0.9896 0.9896 0.9896 0.9896 0.9896 0.9666 0.9896 0.9896 0.9896 0.9199 0.9388 0.9245 0.9495 0.9896 0.9764 0.9771 0.5478 0.5903 0.5655 0.9896 0.9639 0.9760 0.9628 0.9756 0.9758 0.9388 0.9896 0.5038 0.9896 0.9781 0.9645 0.9896 0.6715 0.9766 0.5398 0.9896 0.9896 0.9510 0.9648 0.4668 0.9632 0.5972 0.9651 0.7422 0.6863 0.4855 0.5218 0.5382 0.5608 0.6544 0.7090 0.6541 0.5840 0.6327
AYOQUESCO_ZAPOTEC                     0.5938 0.5045 0.0000 0.9896 0.5601 0.9510 0.7300 0.7182 0.9484 0.9635 0.9758 0.9495 0.9407 0.9495 0.5329 0.9762 0.9748 0.9495 0.6654 0.9639 0.9896 0.5382 0.9762 0.9766 0.5138 0.9639 0.9338 0.9135 0.9484 0.9766 0.9896 0.9896 0.9772 0.9660 0.9896 0.9758 0.9628 0.4443 0.9639 0.9596 0.9752 0.9750 0.9632 0.9760 0.9529 0.9642 0.9756 0.9760 0.9314 0.9361 0.9209 0.9322 0.9896 0.9896 0.9628 0.5681 0.5601 0.6117 0.9609 0.9896 0.9896 0.9756 0.9896 0.9896 0.9500 0.9896 0.5228 0.9896 0.9775 0.9354 0.9896 0.6722 0.9617 0.5329 0.9896 0.9896 0.9628 0.9361 0.5138 0.9617 0.5938 0.9769 0.7068 0.6424 0.5329 0.4851 0.5578 0.5556 0.6313 0.7113 0.6995 0.6267 0.6541
AZOYU_TLAPANEC                        0.9896 0.9896 0.9896 0.0000 0.9896 0.9778 0.9896 0.9896 0.9642 0.9525 0.9635 0.9520 0.9555 0.9648 0.9896 0.9896 0.9896 0.9648 0.9774 0.9896 0.9769 0.9896 0.9510 0.9774 0.9774 0.9401 0.9896 0.9551 0.9642 0.9774 0.9758 0.3760 0.9896 0.9786 0.9489 0.9896 0.9896 0.9896 0.9654 0.9758 0.9762 0.9621 0.9648 0.9769 0.9783 0.9778 0.9766 0.9769 0.9896 0.9896 0.9896 0.9896 0.9484 0.9632 0.9382 0.9896 0.9896 0.9896 0.9896 0.9771 0.9762 0.9766 0.9617 0.9621 0.9896 0.9642 0.9896 0.9896 0.6985 0.9648 0.3635 0.9896 0.9896 0.9896 0.3433 0.4187 0.9772 0.9651 0.9896 0.9896 0.9896 0.9777 0.9779 0.9896 0.9896 0.9896 0.9896 0.9896 0.9896 0.9896 0.9896 0.9781 0.9896
CAJONOS_ZAPOTEC                       0.4668 0.5655 0.5601 0.9896 0.0000 0.9401 0.8004 0.7533 0.9368 0.9774 0.9632 0.9104 0.9307 0.9515 0.2948 0.9769 0.9756 0.9772 0.6432 0.9525 0.9767 0.5443 0.9639 0.9645 0.6432 0.9651 0.9505 0.9300 0.9769 0.9645 0.9756 0.9896 0.9657 0.9671 0.9762 0.9632 0.9642 0.5398 0.9525 0.9896 0.9896 0.9896 0.9896 0.9896 0.9782 0.9896 0.9896 0.9896 0.9346 0.9388 0.9245 0.9495 0.9760 0.9764 0.9642 0.4948 0.5655 0.5131 0.9625 0.9639 0.9896 0.9628 0.9756 0.9758 0.9520 0.9639 0.5301 0.9754 0.9663 0.9515 0.9896 0.6715 0.9495 0.5903 0.9896 0.9896 0.9236 0.9115 0.4948 0.9632 0.4668 0.9651 0.7775 0.6432 0.5655 0.4668 0.5630 0.5608 0.5125 0.5840 0.4463 0.2771 0.3365
CHALCATONGO_MIXTEC                    0.9407 0.9654 0.9510 0.9778 0.9401 0.0000 0.9144 0.9292 0.8840 0.9660 0.9645 0.9407 0.9566 0.9534 0.9270 0.9125 0.9489 0.9144 0.9657 0.8313 0.9648 0.9558 0.9525 0.9534 0.9657 0.9542 0.9395 0.9205 0.9525 0.9144 0.9489 0.9777 0.5586 0.5026 0.7764 0.5972 0.4948 0.9654 0.9292 0.9346 0.9500 0.9632 0.9407 0.9520 0.9327 0.9300 0.9510 0.9774 0.9375 0.9779 0.9778 0.9645 0.9218 0.9236 0.9135 0.9534 0.9401 0.9529 0.8624 0.9525 0.9635 0.9093 0.9199 0.9495 0.9413 0.9395 0.9538 0.7212 0.9896 0.9407 0.9775 0.9767 0.9772 0.9401 0.9896 0.9657 0.9135 0.9154 0.9534 0.9382 0.9407 0.4948 0.9051 0.9534 0.9270 0.9407 0.9292 0.9555 0.9292 0.9061 0.9261 0.9314 0.9419
CHATINO_TATALTEPEC                    0.7858 0.7460 0.7300 0.9896 0.8004 0.9144 0.0000 0.5938 0.9642 0.9775 0.9500 0.9520 0.9555 0.9115 0.7647 0.9375 0.9758 0.9896 0.8031 0.9529 0.9639 0.7697 0.9642 0.9520 0.7680 0.9401 0.9510 0.9551 0.9771 0.9520 0.9758 0.9896 0.9413 0.9441 0.9628 0.9361 0.9245 0.7647 0.9654 0.9758 0.9762 0.9896 0.9774 0.9769 0.9551 0.9657 0.9632 0.9769 0.9495 0.9775 0.9648 0.9500 0.9625 0.9766 0.9772 0.7680 0.7828 0.8341 0.9489 0.9771 0.9762 0.9495 0.9617 0.9896 0.9525 0.9642 0.7713 0.9756 0.9896 0.9648 0.9896 0.7821 0.9635 0.7828 0.9896 0.9774 0.9515 0.9395 0.7680 0.9500 0.7858 0.9529 0.5367 0.8199 0.7267 0.7497 0.7385 0.7834 0.7567 0.7834 0.8318 0.7998 0.8405
CHATINO_WESTERN_HIGHLAND              0.7567 0.7533 0.7182 0.9896 0.7533 0.9292 0.5938 0.0000 0.9648 0.9657 0.9642 0.9529 0.9327 0.9135 0.6958 0.9520 0.9896 0.9896 0.7385 0.9413 0.9772 0.7422 0.9648 0.9654 0.7567 0.9413 0.9520 0.9558 0.9774 0.9529 0.9762 0.9896 0.9425 0.9566 0.9767 0.9510 0.9395 0.7347 0.9896 0.9762 0.9632 0.9628 0.9654 0.9645 0.9558 0.9663 0.9639 0.9645 0.9368 0.9534 0.9270 0.9375 0.9632 0.9769 0.9775 0.6384 0.7713 0.7533 0.9500 0.9896 0.9896 0.9639 0.9762 0.9896 0.9534 0.9774 0.7047 0.9760 0.9785 0.9654 0.9896 0.7502 0.9642 0.7713 0.9896 0.9777 0.9395 0.9144 0.6803 0.9642 0.7567 0.9413 0.3665 0.8084 0.7155 0.7385 0.6897 0.8049 0.7805 0.8049 0.7858 0.7559 0.7805
CHIAPANEC                             0.9236 0.9505 0.9484 0.9642 0.9368 0.8840 0.9642 0.9648 0.0000 0.9515 0.9764 0.9771 0.9666 0.9896 0.9505 0.9361 0.9305 0.7023 0.9236 0.9388 0.8906 0.9413 0.9218 0.8796 0.9236 0.9388 0.9218 0.9663 0.9500 0.8641 0.8813 0.9769 0.8708 0.8918 0.8696 0.8892 0.8781 0.9639 0.8676 0.9754 0.9472 0.9466 0.9642 0.9766 0.9419 0.9525 0.9762 0.9766 0.9189 0.9382 0.9375 0.9489 0.9010 0.9189 0.9227 0.9375 0.9639 0.9505 0.9330 0.8605 0.8846 0.8877 0.8639 0.8659 0.9382 0.9071 0.9515 0.8968 0.9413 0.9642 0.9635 0.9472 0.9628 0.9505 0.9639 0.9642 0.9082 0.9382 0.9375 0.9346 0.9236 0.8826 0.9777 0.9375 0.9505 0.9510 0.9388 0.9534 0.9115 0.9778 0.9500 0.9407 0.9388
CHICHIMECO                            0.9775 0.9648 0.9635 0.9525 0.9774 0.9660 0.9775 0.9657 0.9515 0.0000 0.9505 0.9261 0.9441 0.9395 0.9774 0.9645 0.9621 0.9395 0.9775 0.9534 0.9510 0.9668 0.9245 0.9395 0.9651 0.9008 0.9515 0.8930 0.8811 0.9525 0.9621 0.9648 0.9663 0.9562 0.9354 0.9639 0.9520 0.9648 0.9144 0.9023 0.9489 0.9484 0.9395 0.9375 0.9061 0.9019 0.9361 0.9375 0.9071 0.8708 0.8692 0.8934 0.9346 0.9635 0.9388 0.9651 0.9520 0.9520 0.9766 0.9515 0.9489 0.9500 0.9621 0.9484 0.9529 0.9515 0.9777 0.9896 0.9668 0.8984 0.9645 0.9896 0.9082 0.9520 0.9520 0.9525 0.9388 0.9654 0.9651 0.9505 0.9775 0.9778 0.9542 0.9651 0.9648 0.9525 0.9657 0.9782 0.9778 0.9666 0.9645 0.9666 0.9778
CHINANTEC_OJITLAN                     0.9635 0.9495 0.9758 0.9635 0.9632 0.9645 0.9500 0.9642 0.9764 0.9505 0.0000 0.6250 0.6897 0.7342 0.9354 0.9764 0.9750 0.9500 0.9635 0.9510 0.9484 0.9270 0.9896 0.9635 0.9218 0.7023 0.9764 0.9534 0.9628 0.9635 0.9750 0.9766 0.9896 0.9781 0.9756 0.9760 0.9766 0.9495 0.9771 0.9750 0.9609 0.9752 0.9500 0.9625 0.9407 0.9645 0.9758 0.9762 0.9010 0.9639 0.9500 0.9621 0.9896 0.9896 0.9896 0.9635 0.9354 0.9495 0.9314 0.9764 0.9754 0.9617 0.9600 0.9752 0.9227 0.9764 0.9639 0.9748 0.9401 0.9635 0.9764 0.9609 0.9760 0.9354 0.9766 0.9767 0.9495 0.9505 0.9635 0.9023 0.9635 0.9771 0.9648 0.9767 0.9354 0.9635 0.9771 0.9525 0.9642 0.9651 0.9346 0.9525 0.9642
CHINANTEC_PALANTLA                    0.9520 0.9382 0.9495 0.9520 0.9104 0.9407 0.9520 0.9529 0.9771 0.9261 0.6250 0.0000 0.6499 0.6911 0.9104 0.9642 0.9617 0.9774 0.9648 0.9529 0.9505 0.9425 0.9642 0.9520 0.9115 0.7003 0.9642 0.9551 0.9896 0.9520 0.9617 0.9645 0.9896 0.9558 0.9628 0.9767 0.9772 0.9382 0.9777 0.9758 0.9625 0.9760 0.9774 0.9769 0.9783 0.9778 0.9766 0.9769 0.9632 0.9651 0.9648 0.9500 0.9625 0.9766 0.9645 0.9648 0.9245 0.9245 0.9628 0.9642 0.9625 0.9632 0.9617 0.9621 0.9125 0.9642 0.9525 0.9756 0.9666 0.9520 0.9642 0.9484 0.9896 0.9382 0.9772 0.9648 0.9382 0.9651 0.9648 0.9361 0.9520 0.9401 0.9285 0.9648 0.9382 0.9520 0.9401 0.9542 0.9529 0.9419 0.9236 0.9292 0.9401
CHINANTEC_SAN_FELIPE_USILA            0.9555 0.9307 0.9407 0.9555 0.9307 0.9566 0.9555 0.9327 0.9666 0.9441 0.6897 0.6499 0.0000 0.7756 0.9180 0.9666 0.9382 0.9555 0.9555 0.9676 0.9163 0.9352 0.9666 0.9314 0.9061 0.7653 0.9300 0.9688 0.9782 0.9314 0.9382 0.9783 0.9896 0.9587 0.9654 0.9779 0.9551 0.9307 0.9676 0.9645 0.9525 0.9648 0.9671 0.9663 0.9580 0.9566 0.9657 0.9663 0.9534 0.9197 0.9061 0.9285 0.9651 0.9657 0.9668 0.9555 0.9180 0.9180 0.9777 0.9425 0.9395 0.9407 0.9245 0.9388 0.9197 0.9425 0.9441 0.9642 0.9792 0.9671 0.9666 0.9651 0.9779 0.9430 0.9783 0.9671 0.9783 0.9673 0.9555 0.9285 0.9555 0.9446 0.9100 0.9436 0.9430 0.9436 0.9446 0.9461 0.9562 0.9573 0.9425 0.9461 0.9446
CHINANTEC_SOCHIAPAN                   0.9648 0.9382 0.9495 0.9648 0.9515 0.9534 0.9115 0.9135 0.9896 0.9395 0.7342 0.6911 0.7756 0.0000 0.9382 0.9642 0.9617 0.9896 0.9388 0.9777 0.9769 0.9172 0.9771 0.9648 0.9115 0.6803 0.9642 0.9551 0.9642 0.9520 0.9896 0.9645 0.9896 0.9786 0.9896 0.9767 0.9772 0.9382 0.9529 0.9322 0.9189 0.9179 0.9253 0.9227 0.9307 0.9277 0.9354 0.9368 0.9060 0.9395 0.9388 0.9500 0.9896 0.9896 0.9772 0.9388 0.9245 0.9382 0.9764 0.9896 0.9896 0.9632 0.9758 0.9896 0.9395 0.9896 0.9395 0.9756 0.9547 0.9388 0.9642 0.9625 0.9635 0.9245 0.9645 0.9520 0.9382 0.9395 0.9388 0.9218 0.9648 0.9529 0.8881 0.9648 0.9245 0.9253 0.9401 0.9542 0.9529 0.9542 0.9375 0.9292 0.9529
CHOAPAN_ZAPOTEC                       0.3092 0.5131 0.5329 0.9896 0.2948 0.9270 0.7647 0.6958 0.9505 0.9774 0.9354 0.9104 0.9180 0.9382 0.0000 0.9639 0.9756 0.9772 0.5972 0.9525 0.9767 0.4418 0.9639 0.9645 0.5478 0.9525 0.9505 0.9300 0.9769 0.9645 0.9613 0.9896 0.9657 0.9436 0.9625 0.9632 0.9510 0.4269 0.9525 0.9896 0.9896 0.9896 0.9896 0.9896 0.9666 0.9896 0.9896 0.9896 0.9199 0.9253 0.9104 0.9354 0.9621 0.9764 0.9642 0.4075 0.4567 0.4567 0.9484 0.9769 0.9896 0.9489 0.9613 0.9758 0.9253 0.9639 0.4187 0.9609 0.9663 0.9515 0.9896 0.6231 0.9632 0.5398 0.9896 0.9772 0.9375 0.9253 0.4377 0.9495 0.3092 0.9525 0.7237 0.6206 0.4567 0.4377 0.5125 0.5608 0.4581 0.4861 0.4463 0.3425 0.3687
CHOCHOTEC                             0.9642 0.9769 0.9762 0.9896 0.9769 0.9125 0.9375 0.9520 0.9361 0.9645 0.9764 0.9642 0.9666 0.9642 0.9639 0.0000 0.5453 0.9093 0.9896 0.9648 0.9632 0.9779 0.9071 0.9375 0.9771 0.9388 0.9500 0.9292 0.9500 0.9375 0.9459 0.9896 0.9270 0.9307 0.9179 0.9346 0.8934 0.9769 0.9648 0.9459 0.9472 0.9613 0.9510 0.9495 0.9663 0.9395 0.9484 0.9495 0.9762 0.9645 0.9642 0.9489 0.7949 0.8195 0.8624 0.9896 0.9639 0.9769 0.9330 0.9361 0.9472 0.9189 0.9146 0.9466 0.9382 0.9361 0.9772 0.9453 0.9779 0.9510 0.9896 0.9758 0.9896 0.9769 0.9896 0.9771 0.8781 0.9382 0.9896 0.9628 0.9642 0.9648 0.9654 0.9771 0.9505 0.9642 0.9774 0.9778 0.9520 0.9657 0.9767 0.9778 0.9896
CHOCHO_OCOTLAN                        0.9617 0.9756 0.9748 0.9896 0.9756 0.9489 0.9758 0.9896 0.9305 0.9621 0.9750 0.9617 0.9382 0.9617 0.9756 0.5453 0.0000 0.9322 0.9896 0.9896 0.9135 0.9769 0.8639 0.8846 0.9896 0.9338 0.8813 0.9375 0.9305 0.9010 0.9577 0.9756 0.9495 0.9253 0.9432 0.9446 0.9157 0.9756 0.9189 0.9409 0.9425 0.9247 0.9322 0.9453 0.9510 0.9199 0.9439 0.9296 0.9896 0.9478 0.9472 0.9287 0.8333 0.7986 0.8300 0.9896 0.9756 0.9756 0.9432 0.8982 0.9085 0.9110 0.9236 0.8889 0.9478 0.9146 0.9760 0.9225 0.9769 0.9322 0.9754 0.9744 0.9600 0.9896 0.9756 0.9896 0.9157 0.9621 0.9896 0.9446 0.9617 0.9625 0.9896 0.9758 0.9756 0.9758 0.9762 0.9767 0.9762 0.9896 0.9896 0.9896 0.9896
CHOROTEGA                             0.9520 0.9645 0.9495 0.9648 0.9772 0.9144 0.9896 0.9896 0.7023 0.9395 0.9500 0.9774 0.9555 0.9896 0.9772 0.9093 0.9322 0.0000 0.9648 0.9654 0.8934 0.9547 0.9375 0.8676 0.9520 0.9270 0.9510 0.9180 0.9375 0.8826 0.8846 0.9772 0.9019 0.9197 0.9048 0.9071 0.9104 0.9645 0.8854 0.9322 0.9338 0.9478 0.9388 0.9505 0.9551 0.9407 0.9495 0.9505 0.9354 0.9525 0.9648 0.9500 0.9035 0.9354 0.9382 0.9648 0.9515 0.9645 0.9489 0.8482 0.8714 0.8748 0.8504 0.8526 0.9395 0.8947 0.9651 0.9466 0.9300 0.9388 0.9642 0.9762 0.9635 0.9515 0.9645 0.9648 0.9104 0.9261 0.9648 0.9361 0.9520 0.9270 0.9896 0.9520 0.9772 0.9520 0.9654 0.9542 0.9529 0.9781 0.9771 0.9781 0.9654
COATLAN_LOXICHA_ZAPOTEC               0.6267 0.6206 0.6654 0.9774 0.6432 0.9657 0.8031 0.7385 0.9236 0.9775 0.9635 0.9648 0.9555 0.9388 0.5972 0.9896 0.9896 0.9648 0.0000 0.9529 0.9639 0.6597 0.9642 0.9520 0.6704 0.9777 0.9375 0.9307 0.9510 0.9648 0.9758 0.9772 0.9660 0.9441 0.9764 0.9635 0.9515 0.6206 0.9654 0.9896 0.9762 0.9896 0.9896 0.9769 0.9551 0.9896 0.9896 0.9769 0.9495 0.9525 0.9388 0.9635 0.9762 0.9896 0.9772 0.5801 0.7267 0.6432 0.9628 0.9771 0.9762 0.9632 0.9758 0.9896 0.9395 0.9896 0.5870 0.9756 0.9666 0.9648 0.9771 0.6771 0.9635 0.7068 0.9772 0.9774 0.9515 0.9525 0.5556 0.9500 0.6267 0.9135 0.7805 0.7497 0.4948 0.6704 0.6597 0.7131 0.6803 0.7834 0.6374 0.6340 0.6597
CUICATEC                              0.9401 0.9651 0.9639 0.9896 0.9525 0.8313 0.9529 0.9413 0.9388 0.9534 0.9510 0.9529 0.9676 0.9777 0.9525 0.9648 0.9896 0.9654 0.9529 0.0000 0.9104 0.9671 0.9388 0.9135 0.9654 0.9779 0.9253 0.9071 0.9520 0.9270 0.9035 0.9896 0.8627 0.8568 0.8765 0.8641 0.8540 0.9775 0.9538 0.9625 0.9766 0.9628 0.9401 0.9515 0.9558 0.9663 0.9639 0.9645 0.9769 0.9778 0.9777 0.9771 0.9060 0.9639 0.9525 0.9529 0.9775 0.9395 0.5498 0.8972 0.9209 0.9082 0.8877 0.9346 0.9407 0.8972 0.9657 0.8696 0.9785 0.9529 0.9896 0.9896 0.9375 0.9525 0.9896 0.9777 0.9395 0.9407 0.9529 0.8947 0.9401 0.8594 0.9172 0.9401 0.9395 0.9529 0.9413 0.9668 0.9413 0.9551 0.9774 0.9551 0.9538
HUAUTLA_DE_JIMENEZ                    0.9505 0.9767 0.9896 0.9769 0.9767 0.9648 0.9639 0.9772 0.8906 0.9510 0.9484 0.9505 0.9163 0.9769 0.9767 0.9632 0.9135 0.8934 0.9639 0.9104 0.0000 0.9657 0.7697 0.3505 0.9769 0.9515 0.9632 0.9538 0.9632 0.5041 0.3682 0.9767 0.9525 0.9547 0.9472 0.9484 0.9361 0.9896 0.9104 0.9752 0.9613 0.9609 0.9639 0.9764 0.9660 0.9388 0.9760 0.9764 0.9621 0.9236 0.9505 0.9338 0.8659 0.8168 0.8271 0.9639 0.9767 0.9767 0.9010 0.4552 0.3598 0.4847 0.4398 0.4843 0.8641 0.4552 0.9642 0.9446 0.9778 0.9639 0.9766 0.9756 0.9762 0.9635 0.9767 0.9769 0.9218 0.9375 0.9639 0.8546 0.9505 0.9382 0.9775 0.9505 0.9896 0.9769 0.9645 0.9777 0.9515 0.9654 0.9766 0.9777 0.9772
ISTHMUS_ZAPOTEC                       0.4777 0.5678 0.5382 0.9896 0.5443 0.9558 0.7697 0.7422 0.9413 0.9668 0.9270 0.9425 0.9352 0.9172 0.4418 0.9779 0.9769 0.9547 0.6597 0.9671 0.9657 0.0000 0.9538 0.9547 0.5278 0.9189 0.9538 0.9229 0.9660 0.9666 0.9769 0.9896 0.9676 0.9688 0.9774 0.9777 0.9542 0.3848 0.9555 0.9769 0.9896 0.9896 0.9782 0.9896 0.9573 0.9786 0.9896 0.9896 0.8984 0.9307 0.9172 0.9401 0.9772 0.9775 0.9542 0.4241 0.4688 0.5443 0.9648 0.9779 0.9896 0.9651 0.9769 0.9771 0.9180 0.9779 0.3778 0.9635 0.9681 0.9425 0.9896 0.6651 0.9654 0.4948 0.9896 0.9896 0.9292 0.9180 0.4241 0.9529 0.4777 0.9555 0.7320 0.6185 0.5678 0.4514 0.5191 0.4948 0.5655 0.6454 0.6283 0.5412 0.5655
IXCATEC                               0.9510 0.9769 0.9762 0.9510 0.9639 0.9525 0.9642 0.9648 0.9218 0.9245 0.9896 0.9642 0.9666 0.9771 0.9639 0.9071 0.8639 0.9375 0.9642 0.9388 0.7697 0.9538 0.0000 0.7797 0.9642 0.9388 0.9500 0.9163 0.9218 0.7797 0.7883 0.9505 0.9401 0.9307 0.9330 0.9489 0.9082 0.9769 0.9388 0.9305 0.9472 0.9466 0.9510 0.9495 0.9542 0.9525 0.9484 0.9495 0.9762 0.9515 0.9375 0.9346 0.7548 0.8373 0.8123 0.9510 0.9505 0.9769 0.9179 0.8097 0.7949 0.7821 0.7883 0.7917 0.8960 0.8097 0.9515 0.9605 0.9779 0.9510 0.9635 0.9758 0.9489 0.9639 0.9368 0.9642 0.9227 0.9645 0.9510 0.9346 0.9510 0.9253 0.9654 0.9642 0.9639 0.9642 0.9648 0.9657 0.9388 0.9534 0.9500 0.9657 0.9648
JALAPA_DE_DIAZ                        0.9388 0.9645 0.9766 0.9774 0.9645 0.9534 0.9520 0.9654 0.8796 0.9395 0.9635 0.9520 0.9314 0.9648 0.9645 0.9375 0.8846 0.8676 0.9520 0.9135 0.3505 0.9547 0.7797 0.0000 0.9774 0.9654 0.9642 0.9180 0.9375 0.3562 0.5049 0.9772 0.9413 0.9320 0.9346 0.9361 0.9245 0.9772 0.8854 0.9758 0.9625 0.9621 0.9648 0.9769 0.9783 0.9534 0.9766 0.9769 0.9766 0.9261 0.9520 0.9500 0.8714 0.8247 0.8502 0.9520 0.9645 0.9645 0.9199 0.2582 0.2531 0.2859 0.3374 0.3872 0.8840 0.2582 0.9525 0.9466 0.9896 0.9388 0.9771 0.9762 0.9767 0.9645 0.9772 0.9774 0.9104 0.9651 0.9520 0.8765 0.9388 0.9270 0.9660 0.9253 0.9772 0.9648 0.9529 0.9663 0.9401 0.9542 0.9642 0.9663 0.9654
LACHIXIO_ZAPOTEC                      0.6038 0.5972 0.5138 0.9774 0.6432 0.9657 0.7680 0.7567 0.9236 0.9651 0.9218 0.9115 0.9061 0.9115 0.5478 0.9771 0.9896 0.9520 0.6704 0.9654 0.9769 0.5278 0.9642 0.9774 0.0000 0.9401 0.9093 0.9430 0.9642 0.9774 0.9758 0.9896 0.9779 0.9673 0.9764 0.9896 0.9772 0.4668 0.9529 0.9617 0.9762 0.9760 0.9648 0.9769 0.9430 0.9657 0.9766 0.9769 0.9209 0.9525 0.9388 0.9500 0.9762 0.9766 0.9515 0.6038 0.5478 0.6206 0.9489 0.9771 0.9762 0.9766 0.9758 0.9760 0.9395 0.9771 0.5630 0.9613 0.9782 0.9388 0.9896 0.6771 0.9635 0.5729 0.9896 0.9896 0.9245 0.9395 0.5801 0.9767 0.6038 0.9654 0.7090 0.6038 0.5729 0.5801 0.6384 0.6126 0.6597 0.6942 0.6814 0.6126 0.6384
LEALAO_CHINANTEC                      0.9654 0.9525 0.9639 0.9401 0.9651 0.9542 0.9401 0.9413 0.9388 0.9008 0.7023 0.7003 0.7653 0.6803 0.9525 0.9388 0.9338 0.9270 0.9777 0.9779 0.9515 0.9189 0.9388 0.9654 0.9401 0.0000 0.9520 0.9071 0.9253 0.9401 0.9625 0.9525 0.9666 0.9788 0.9635 0.9642 0.9651 0.9395 0.9413 0.9189 0.9060 0.9346 0.9135 0.9104 0.9197 0.9163 0.9082 0.9245 0.9368 0.9534 0.9401 0.9375 0.9632 0.9505 0.9651 0.9401 0.9125 0.9651 0.9767 0.9648 0.9632 0.9505 0.9338 0.9628 0.9407 0.9648 0.9407 0.9760 0.9061 0.9135 0.9388 0.9766 0.9510 0.9261 0.9261 0.9401 0.9125 0.9657 0.9401 0.9771 0.9654 0.9660 0.9300 0.9654 0.9525 0.9401 0.9413 0.9551 0.9538 0.9430 0.9388 0.9551 0.9660
MATLATZINCA_SAN_FRANCISCO_OXTOTILPAN  0.9375 0.9505 0.9338 0.9896 0.9505 0.9395 0.9510 0.9520 0.9218 0.9515 0.9764 0.9642 0.9300 0.9642 0.9505 0.9500 0.8813 0.9510 0.9375 0.9253 0.9632 0.9538 0.9500 0.9642 0.9093 0.9520 0.0000 0.8611 0.8271 0.9642 0.9754 0.9769 0.9529 0.9430 0.9760 0.9628 0.9639 0.9368 0.7680 0.8813 0.8678 0.8659 0.8318 0.8586 0.7834 0.7888 0.8195 0.8748 0.9484 0.9104 0.8641 0.8892 0.9322 0.9338 0.8934 0.9510 0.9505 0.9368 0.9621 0.9635 0.9758 0.9762 0.9754 0.9466 0.9382 0.9767 0.9382 0.9453 0.9660 0.8318 0.9767 0.9617 0.7661 0.9368 0.9769 0.9896 0.9639 0.9772 0.9375 0.9199 0.9375 0.9520 0.9401 0.9236 0.9227 0.9375 0.9253 0.9407 0.9253 0.9534 0.9500 0.9534 0.9388
MAZAHUA                               0.9051 0.9425 0.9135 0.9551 0.9300 0.9205 0.9551 0.9558 0.9663 0.8930 0.9534 0.9551 0.9688 0.9551 0.9300 0.9292 0.9375 0.9180 0.9307 0.9071 0.9538 0.9229 0.9163 0.9180 0.9430 0.9071 0.8611 0.0000 0.4688 0.9180 0.9510 0.9666 0.9451 0.9250 0.9651 0.9407 0.9425 0.9172 0.9071 0.6374 0.7858 0.7828 0.6242 0.6699 0.7125 0.6786 0.6597 0.7090 0.8996 0.9061 0.9051 0.9144 0.9388 0.9654 0.9300 0.9430 0.9300 0.9300 0.8984 0.9292 0.9388 0.9270 0.9375 0.9515 0.9436 0.9419 0.9436 0.9769 0.9229 0.5113 0.9663 0.9648 0.7601 0.9041 0.9547 0.9668 0.9041 0.9555 0.9430 0.9407 0.9051 0.9441 0.9451 0.9307 0.9172 0.8918 0.9320 0.9340 0.9071 0.9221 0.9163 0.9340 0.9441
MAZAHUA_CENTRAL                       0.9642 0.9639 0.9484 0.9642 0.9769 0.9525 0.9771 0.9774 0.9500 0.8811 0.9628 0.9896 0.9782 0.9642 0.9769 0.9500 0.9305 0.9375 0.9510 0.9520 0.9632 0.9660 0.9218 0.9375 0.9642 0.9253 0.8271 0.4688 0.0000 0.9375 0.9754 0.9639 0.9654 0.9551 0.9621 0.9628 0.9639 0.9505 0.8972 0.6015 0.7118 0.7068 0.5655 0.5681 0.6340 0.6102 0.5788 0.6424 0.9189 0.8659 0.8796 0.9048 0.9758 0.9762 0.9368 0.9771 0.9505 0.9639 0.9478 0.9500 0.9617 0.9484 0.9609 0.9466 0.9515 0.9635 0.9645 0.9453 0.9413 0.3299 0.9635 0.9758 0.6597 0.9505 0.9505 0.9642 0.9227 0.9645 0.9642 0.9346 0.9642 0.9648 0.9654 0.9510 0.9505 0.9375 0.9520 0.9657 0.9520 0.9534 0.9500 0.9657 0.9774
MAZATEC_CHIQUIHUITLAN                 0.9388 0.9645 0.9766 0.9774 0.9645 0.9144 0.9520 0.9529 0.8641 0.9525 0.9635 0.9520 0.9314 0.9520 0.9645 0.9375 0.9010 0.8826 0.9648 0.9270 0.5041 0.9666 0.7797 0.3562 0.9774 0.9401 0.9642 0.9180 0.9375 0.0000 0.5627 0.9772 0.9285 0.8942 0.9346 0.9218 0.9245 0.9772 0.9135 0.9472 0.9338 0.9478 0.9388 0.9505 0.9551 0.9277 0.9495 0.9639 0.9632 0.9395 0.9520 0.9500 0.8546 0.8419 0.8341 0.9648 0.9515 0.9645 0.9199 0.4567 0.4000 0.2071 0.4087 0.4536 0.9125 0.4567 0.9651 0.9466 0.9896 0.9253 0.9771 0.9762 0.9767 0.9515 0.9772 0.9774 0.8960 0.9395 0.9648 0.9218 0.9388 0.8996 0.9538 0.9388 0.9645 0.9520 0.9654 0.9663 0.9270 0.9419 0.9510 0.9542 0.9654
MAZATLAN_DE_FLORES                    0.9472 0.9613 0.9896 0.9758 0.9756 0.9489 0.9758 0.9762 0.8813 0.9621 0.9750 0.9617 0.9382 0.9896 0.9613 0.9459 0.9577 0.8846 0.9758 0.9035 0.3682 0.9769 0.7883 0.5049 0.9758 0.9625 0.9754 0.9510 0.9754 0.5627 0.0000 0.9756 0.9354 0.9388 0.9268 0.9287 0.9314 0.9896 0.9189 0.9739 0.9587 0.9741 0.9758 0.9752 0.9896 0.9628 0.9748 0.9752 0.9748 0.9478 0.9617 0.9600 0.8333 0.8576 0.8659 0.9758 0.9756 0.9756 0.8741 0.4518 0.4948 0.4838 0.4345 0.5498 0.9023 0.5154 0.9760 0.9571 0.9769 0.9758 0.9754 0.9896 0.9896 0.9756 0.9756 0.9617 0.9314 0.9621 0.9758 0.9287 0.9472 0.9338 0.9766 0.9472 0.9756 0.9758 0.9762 0.9767 0.9338 0.9500 0.9754 0.9767 0.9762
MEPHAA_ACATEPEC                       0.9772 0.9896 0.9896 0.3760 0.9896 0.9777 0.9896 0.9896 0.9769 0.9648 0.9766 0.9645 0.9783 0.9645 0.9896 0.9896 0.9756 0.9772 0.9772 0.9896 0.9767 0.9896 0.9505 0.9772 0.9896 0.9525 0.9769 0.9666 0.9639 0.9772 0.9756 0.0000 0.9778 0.9785 0.9625 0.9896 0.9896 0.9896 0.9525 0.9896 0.9760 0.9758 0.9772 0.9767 0.9782 0.9777 0.9764 0.9767 0.9896 0.9896 0.9896 0.9896 0.9478 0.9489 0.9093 0.9896 0.9896 0.9896 0.9896 0.9769 0.9760 0.9764 0.9896 0.9758 0.9896 0.9639 0.9896 0.9754 0.7131 0.9645 0.1178 0.9896 0.9896 0.9896 0.1799 0.3433 0.9642 0.9648 0.9896 0.9896 0.9772 0.9775 0.9778 0.9896 0.9771 0.9896 0.9896 0.9896 0.9775 0.9896 0.9896 0.9779 0.9896
MIXTECO_DE_SAN_JUAN_COLORADO          0.9538 0.9896 0.9772 0.9896 0.9657 0.5586 0.9413 0.9425 0.8708 0.9663 0.9896 0.9896 0.9896 0.9896 0.9657 0.9270 0.9495 0.9019 0.9660 0.8627 0.9525 0.9676 0.9401 0.9413 0.9779 0.9666 0.9529 0.9451 0.9654 0.9285 0.9354 0.9778 0.0000 0.5548 0.7422 0.5038 0.5535 0.9896 0.9172 0.9632 0.9769 0.9767 0.9660 0.9775 0.9566 0.9551 0.9772 0.9896 0.9772 0.9896 0.9779 0.9774 0.9227 0.9382 0.9407 0.9660 0.9778 0.9778 0.8796 0.9401 0.9505 0.9245 0.9209 0.9500 0.9163 0.9401 0.9663 0.7044 0.9787 0.9660 0.9777 0.9769 0.9774 0.9778 0.9778 0.9779 0.8868 0.8894 0.9660 0.8972 0.9538 0.6185 0.9314 0.9660 0.9657 0.9779 0.9425 0.9786 0.9425 0.9558 0.9654 0.9673 0.9666
MIXTECO_DE_YOSONDUA                   0.9320 0.9785 0.9660 0.9786 0.9671 0.5026 0.9441 0.9566 0.8918 0.9562 0.9781 0.9558 0.9587 0.9786 0.9436 0.9307 0.9253 0.9197 0.9441 0.8568 0.9547 0.9688 0.9307 0.9320 0.9673 0.9788 0.9430 0.9250 0.9551 0.8942 0.9388 0.9785 0.5548 0.0000 0.7601 0.5678 0.4948 0.9785 0.9213 0.9774 0.9777 0.9775 0.9786 0.9896 0.9690 0.9681 0.9896 0.9896 0.9896 0.9787 0.9673 0.9663 0.9135 0.9538 0.9314 0.9673 0.9671 0.9671 0.8724 0.9307 0.9401 0.9019 0.9253 0.9395 0.9205 0.9307 0.9676 0.6863 0.9896 0.9558 0.9783 0.9777 0.9896 0.9671 0.9896 0.9673 0.9436 0.8953 0.9673 0.9163 0.9320 0.2749 0.9461 0.9786 0.9671 0.9673 0.9566 0.9685 0.9451 0.9352 0.9668 0.9685 0.9678
MIXTEC_ALCOZAUCA                      0.9628 0.9762 0.9896 0.9489 0.9762 0.7764 0.9628 0.9767 0.8696 0.9354 0.9756 0.9628 0.9654 0.9896 0.9625 0.9179 0.9432 0.9048 0.9764 0.8765 0.9472 0.9774 0.9330 0.9346 0.9764 0.9635 0.9760 0.9651 0.9621 0.9346 0.9268 0.9625 0.7422 0.7601 0.0000 0.7917 0.7212 0.9896 0.9500 0.9746 0.9600 0.9439 0.9628 0.9472 0.9525 0.9505 0.9609 0.9617 0.9609 0.9632 0.9628 0.9613 0.8953 0.8813 0.8877 0.9764 0.9762 0.9762 0.9135 0.9330 0.9446 0.9146 0.9098 0.9277 0.9632 0.9179 0.9766 0.6985 0.9520 0.9628 0.9621 0.9896 0.9613 0.9762 0.9762 0.9489 0.9338 0.9495 0.9764 0.9466 0.9628 0.7731 0.9510 0.9764 0.9762 0.9764 0.9635 0.9772 0.9635 0.9645 0.9760 0.9772 0.9767
MIXTEC_CHAYUCO                        0.9500 0.9896 0.9758 0.9896 0.9632 0.5972 0.9361 0.9510 0.8892 0.9639 0.9760 0.9767 0.9779 0.9767 0.9632 0.9346 0.9446 0.9071 0.9635 0.8641 0.9484 0.9777 0.9489 0.9361 0.9896 0.9642 0.9628 0.9407 0.9628 0.9218 0.9287 0.9896 0.5038 0.5678 0.7917 0.0000 0.5681 0.9896 0.9093 0.9750 0.9754 0.9752 0.9767 0.9896 0.9657 0.9645 0.9896 0.9896 0.9758 0.9769 0.9767 0.9621 0.9146 0.9322 0.9354 0.9767 0.9766 0.9766 0.8659 0.9346 0.9459 0.9168 0.9123 0.9453 0.9227 0.9346 0.9769 0.7095 0.9896 0.9767 0.9896 0.9754 0.9896 0.9766 0.9896 0.9767 0.9354 0.8781 0.9767 0.9330 0.9500 0.6142 0.9520 0.9767 0.9632 0.9767 0.9642 0.9775 0.9375 0.9525 0.9628 0.9651 0.9642
MIXTEC_PENYOLES                       0.9382 0.9771 0.9628 0.9896 0.9642 0.4948 0.9245 0.9395 0.8781 0.9520 0.9766 0.9772 0.9551 0.9772 0.9510 0.8934 0.9157 0.9104 0.9515 0.8540 0.9361 0.9542 0.9082 0.9245 0.9772 0.9651 0.9639 0.9425 0.9639 0.9245 0.9314 0.9896 0.5535 0.4948 0.7212 0.5681 0.0000 0.9771 0.9395 0.9613 0.9760 0.9758 0.9645 0.9635 0.9547 0.9529 0.9628 0.9635 0.9764 0.9520 0.9645 0.9632 0.9023 0.9199 0.9093 0.9645 0.9510 0.9642 0.8546 0.9368 0.9478 0.9199 0.9157 0.9472 0.9253 0.9368 0.9520 0.6535 0.9896 0.9645 0.9896 0.9760 0.9632 0.9771 0.9771 0.9772 0.9093 0.9253 0.9645 0.9209 0.9382 0.5382 0.9407 0.9772 0.9642 0.9645 0.9525 0.9660 0.9395 0.9413 0.9639 0.9779 0.9775
OCOTLAN_ZAPOTEC                       0.5218 0.5131 0.4443 0.9896 0.5398 0.9654 0.7647 0.7347 0.9639 0.9648 0.9495 0.9382 0.9307 0.9382 0.4269 0.9769 0.9756 0.9645 0.6206 0.9775 0.9896 0.3848 0.9769 0.9772 0.4668 0.9395 0.9368 0.9172 0.9505 0.9772 0.9896 0.9896 0.9896 0.9785 0.9896 0.9896 0.9771 0.0000 0.9525 0.9756 0.9760 0.9896 0.9772 0.9767 0.9425 0.9777 0.9896 0.9767 0.9048 0.9388 0.9245 0.9495 0.9896 0.9896 0.9510 0.4668 0.3958 0.4567 0.9762 0.9896 0.9896 0.9764 0.9896 0.9896 0.9388 0.9896 0.3562 0.9609 0.9896 0.9245 0.9896 0.6715 0.9632 0.4269 0.9896 0.9896 0.9510 0.9388 0.4668 0.9632 0.5218 0.9651 0.7237 0.6206 0.5398 0.3760 0.5125 0.5119 0.6102 0.6699 0.6313 0.5367 0.5630
OCUILTECO                             0.9401 0.9775 0.9639 0.9654 0.9525 0.9292 0.9654 0.9896 0.8676 0.9144 0.9771 0.9777 0.9676 0.9529 0.9525 0.9648 0.9189 0.8854 0.9654 0.9538 0.9104 0.9555 0.9388 0.8854 0.9529 0.9413 0.7680 0.9071 0.8972 0.9135 0.9189 0.9525 0.9172 0.9213 0.9500 0.9093 0.9395 0.9525 0.0000 0.9189 0.9354 0.9346 0.9270 0.9382 0.8674 0.8894 0.9227 0.9382 0.9368 0.9407 0.9401 0.9771 0.9060 0.9368 0.9261 0.9529 0.9525 0.9395 0.9500 0.8972 0.9209 0.9227 0.9189 0.8892 0.9277 0.9253 0.9407 0.9330 0.9555 0.8854 0.9520 0.9896 0.8796 0.9395 0.9525 0.9654 0.9525 0.9407 0.9529 0.9375 0.9401 0.9413 0.9666 0.9529 0.9525 0.9270 0.9413 0.9430 0.9285 0.9551 0.9520 0.9551 0.9413
OTOMI_ACAMBAY                         0.9896 0.9896 0.9596 0.9758 0.9896 0.9346 0.9758 0.9762 0.9754 0.9023 0.9750 0.9758 0.9645 0.9322 0.9896 0.9459 0.9409 0.9322 0.9896 0.9625 0.9752 0.9769 0.9305 0.9758 0.9617 0.9189 0.8813 0.6374 0.6015 0.9472 0.9739 0.9896 0.9632 0.9774 0.9746 0.9750 0.9613 0.9756 0.9189 0.0000 0.6185 0.5808 0.4422 0.4733 0.6374 0.5045 0.4142 0.5938 0.8938 0.8862 0.9010 0.9287 0.9744 0.9748 0.9314 0.9896 0.9466 0.9896 0.9432 0.9754 0.9744 0.9596 0.9577 0.9741 0.9760 0.9754 0.9896 0.9736 0.9639 0.5344 0.9896 0.9896 0.6661 0.9613 0.9756 0.9896 0.9314 0.9621 0.9896 0.9600 0.9896 0.9625 0.9632 0.9617 0.9756 0.9472 0.9762 0.9767 0.9762 0.9635 0.9609 0.9767 0.9762
OTOMI_DE_1776                         0.9896 0.9896 0.9752 0.9762 0.9896 0.9500 0.9762 0.9632 0.9472 0.9489 0.9609 0.9625 0.9525 0.9189 0.9896 0.9472 0.9425 0.9338 0.9762 0.9766 0.9613 0.9896 0.9472 0.9625 0.9762 0.9060 0.8678 0.7858 0.7118 0.9338 0.9587 0.9760 0.9769 0.9777 0.9600 0.9754 0.9760 0.9760 0.9354 0.6185 0.0000 0.5058 0.6047 0.5251 0.6038 0.5758 0.5655 0.5821 0.8619 0.9048 0.8877 0.8982 0.9748 0.9752 0.9478 0.9896 0.9760 0.9896 0.9600 0.9617 0.9596 0.9453 0.9425 0.9591 0.9628 0.9617 0.9896 0.9417 0.9645 0.6995 0.9758 0.9896 0.6780 0.9760 0.9760 0.9762 0.9478 0.9628 0.9896 0.9609 0.9896 0.9495 0.9639 0.9896 0.9760 0.9762 0.9896 0.9896 0.9766 0.9642 0.9758 0.9642 0.9766
OTOMI_DE_EL_BAILE                     0.9896 0.9896 0.9750 0.9621 0.9896 0.9632 0.9896 0.9628 0.9466 0.9484 0.9752 0.9760 0.9648 0.9179 0.9896 0.9613 0.9247 0.9478 0.9896 0.9628 0.9609 0.9896 0.9466 0.9621 0.9760 0.9346 0.8659 0.7828 0.7068 0.9478 0.9741 0.9758 0.9767 0.9775 0.9439 0.9752 0.9758 0.9896 0.9346 0.5808 0.5058 0.0000 0.5433 0.5740 0.6651 0.5938 0.6403 0.6015 0.8779 0.8877 0.9023 0.9296 0.9746 0.9750 0.9168 0.9896 0.9896 0.9896 0.9439 0.9613 0.9746 0.9750 0.9741 0.9587 0.9762 0.9756 0.9896 0.9577 0.9510 0.6715 0.9756 0.9896 0.6722 0.9896 0.9758 0.9760 0.9758 0.9896 0.9896 0.9453 0.9896 0.9628 0.9635 0.9896 0.9896 0.9896 0.9896 0.9896 0.9896 0.9896 0.9896 0.9896 0.9896
OTOMI_DE_IXTENCO                      0.9896 0.9896 0.9632 0.9648 0.9896 0.9407 0.9774 0.9654 0.9642 0.9395 0.9500 0.9774 0.9671 0.9253 0.9896 0.9510 0.9322 0.9388 0.9896 0.9401 0.9639 0.9782 0.9510 0.9648 0.9648 0.9135 0.8318 0.6242 0.5655 0.9388 0.9758 0.9772 0.9660 0.9786 0.9628 0.9767 0.9645 0.9772 0.9270 0.4422 0.6047 0.5433 0.0000 0.3158 0.4864 0.2969 0.3579 0.3837 0.8906 0.8984 0.8972 0.9218 0.9762 0.9766 0.9245 0.9896 0.9515 0.9896 0.9199 0.9642 0.9762 0.9632 0.9617 0.9621 0.9651 0.9771 0.9896 0.9613 0.9547 0.4765 0.9771 0.9896 0.5498 0.9645 0.9645 0.9774 0.9245 0.9651 0.9896 0.9361 0.9896 0.9654 0.9538 0.9774 0.9772 0.9520 0.9777 0.9781 0.9777 0.9663 0.9642 0.9781 0.9896
OTOMI_DE_SAN_ANDRES_CUEXCONTITLAN     0.9896 0.9896 0.9760 0.9769 0.9896 0.9520 0.9769 0.9645 0.9766 0.9375 0.9625 0.9769 0.9663 0.9227 0.9896 0.9495 0.9453 0.9505 0.9769 0.9515 0.9764 0.9896 0.9495 0.9769 0.9769 0.9104 0.8586 0.6699 0.5681 0.9505 0.9752 0.9767 0.9775 0.9896 0.9472 0.9896 0.9635 0.9767 0.9382 0.4733 0.5251 0.5740 0.3158 0.0000 0.5367 0.3231 0.2762 0.2301 0.9023 0.9093 0.9082 0.9338 0.9756 0.9760 0.9500 0.9896 0.9635 0.9896 0.9472 0.9766 0.9756 0.9621 0.9605 0.9754 0.9771 0.9766 0.9896 0.9750 0.9657 0.5041 0.9766 0.9896 0.5519 0.9767 0.9635 0.9769 0.9361 0.9771 0.9896 0.9625 0.9896 0.9645 0.9525 0.9769 0.9767 0.9639 0.9772 0.9896 0.9772 0.9654 0.9632 0.9777 0.9896
OTOMI_MEZQUITAL                       0.9783 0.9666 0.9529 0.9783 0.9782 0.9327 0.9551 0.9558 0.9419 0.9061 0.9407 0.9783 0.9580 0.9307 0.9666 0.9663 0.9510 0.9551 0.9551 0.9558 0.9660 0.9573 0.9542 0.9783 0.9430 0.9197 0.7834 0.7125 0.6340 0.9551 0.9896 0.9782 0.9566 0.9690 0.9525 0.9657 0.9547 0.9425 0.8674 0.6374 0.6038 0.6651 0.4864 0.5367 0.0000 0.4095 0.6165 0.5608 0.8708 0.8659 0.8643 0.8868 0.9896 0.9777 0.9172 0.9668 0.9425 0.9782 0.9525 0.9781 0.9896 0.9777 0.9771 0.9645 0.9436 0.9896 0.9671 0.9368 0.9683 0.5812 0.9781 0.9648 0.5773 0.9547 0.9666 0.9783 0.9300 0.9555 0.9668 0.9144 0.9783 0.9558 0.9451 0.9668 0.9547 0.9551 0.9558 0.9570 0.9786 0.9570 0.9419 0.9570 0.9786
OTOMI_QUERETARO                       0.9896 0.9896 0.9642 0.9778 0.9896 0.9300 0.9657 0.9663 0.9525 0.9019 0.9645 0.9778 0.9566 0.9277 0.9896 0.9395 0.9199 0.9407 0.9896 0.9663 0.9388 0.9786 0.9525 0.9534 0.9657 0.9163 0.7888 0.6786 0.6102 0.9277 0.9628 0.9777 0.9551 0.9681 0.9505 0.9645 0.9529 0.9777 0.8894 0.5045 0.5758 0.5938 0.2969 0.3231 0.4095 0.0000 0.3635 0.4187 0.8947 0.8594 0.8576 0.8960 0.9767 0.9642 0.8996 0.9896 0.9529 0.9896 0.9505 0.9525 0.9635 0.9510 0.9489 0.9632 0.9538 0.9651 0.9896 0.9484 0.9673 0.5289 0.9775 0.9896 0.5478 0.9654 0.9654 0.9778 0.9270 0.9538 0.9896 0.9245 0.9896 0.9663 0.9551 0.9778 0.9777 0.9534 0.9663 0.9785 0.9781 0.9555 0.9651 0.9785 0.9896
OTOMI_TEMOAYA                         0.9896 0.9896 0.9756 0.9766 0.9896 0.9510 0.9632 0.9639 0.9762 0.9361 0.9758 0.9766 0.9657 0.9354 0.9896 0.9484 0.9439 0.9495 0.9896 0.9639 0.9760 0.9896 0.9484 0.9766 0.9766 0.9082 0.8195 0.6597 0.5788 0.9495 0.9748 0.9764 0.9772 0.9896 0.9609 0.9896 0.9628 0.9896 0.9227 0.4142 0.5655 0.6403 0.3579 0.2762 0.6165 0.3635 0.0000 0.3872 0.9157 0.9218 0.9060 0.9168 0.9752 0.9756 0.9489 0.9896 0.9628 0.9896 0.9609 0.9762 0.9752 0.9613 0.9596 0.9750 0.9635 0.9762 0.9896 0.9896 0.9651 0.5138 0.9762 0.9896 0.5627 0.9764 0.9628 0.9766 0.9199 0.9635 0.9896 0.9472 0.9896 0.9769 0.9515 0.9766 0.9764 0.9632 0.9769 0.9896 0.9639 0.9648 0.9625 0.9774 0.9896
OTOMI_TOLUCA                          0.9896 0.9896 0.9760 0.9769 0.9896 0.9774 0.9769 0.9645 0.9766 0.9375 0.9762 0.9769 0.9663 0.9368 0.9896 0.9495 0.9296 0.9505 0.9769 0.9645 0.9764 0.9896 0.9495 0.9769 0.9769 0.9245 0.8748 0.7090 0.6424 0.9639 0.9752 0.9767 0.9896 0.9896 0.9617 0.9896 0.9635 0.9767 0.9382 0.5938 0.5821 0.6015 0.3837 0.2301 0.5608 0.4187 0.3872 0.0000 0.9179 0.9093 0.9082 0.9338 0.9613 0.9760 0.9500 0.9896 0.9767 0.9896 0.9472 0.9766 0.9756 0.9760 0.9752 0.9754 0.9771 0.9766 0.9896 0.9750 0.9657 0.5831 0.9766 0.9896 0.5519 0.9896 0.9635 0.9769 0.9500 0.9771 0.9896 0.9625 0.9896 0.9645 0.9651 0.9896 0.9896 0.9769 0.9896 0.9896 0.9772 0.9777 0.9766 0.9896 0.9896
PAME_DE_JILIAPAN_1767                 0.9495 0.9199 0.9314 0.9896 0.9346 0.9375 0.9495 0.9368 0.9189 0.9071 0.9010 0.9632 0.9534 0.9060 0.9199 0.9762 0.9896 0.9354 0.9495 0.9769 0.9621 0.8984 0.9762 0.9766 0.9209 0.9368 0.9484 0.8996 0.9189 0.9632 0.9748 0.9896 0.9772 0.9896 0.9609 0.9758 0.9764 0.9048 0.9368 0.8938 0.8619 0.8779 0.8906 0.9023 0.8708 0.8947 0.9157 0.9179 0.0000 0.7731 0.7502 0.8140 0.9605 0.9756 0.9628 0.9060 0.9199 0.9199 0.9754 0.9762 0.9752 0.9613 0.9596 0.9750 0.9896 0.9762 0.9361 0.9896 0.9525 0.9209 0.9896 0.9296 0.9010 0.9048 0.9896 0.9896 0.9628 0.9635 0.9209 0.9617 0.9495 0.9769 0.9645 0.9354 0.9199 0.9209 0.9368 0.9388 0.9505 0.9520 0.9189 0.9115 0.9227
PAME_DE_JILIAPAN_1958                 0.9525 0.9388 0.9361 0.9896 0.9388 0.9779 0.9775 0.9534 0.9382 0.8708 0.9639 0.9651 0.9197 0.9395 0.9253 0.9645 0.9478 0.9525 0.9525 0.9778 0.9236 0.9307 0.9515 0.9261 0.9525 0.9534 0.9104 0.9061 0.8659 0.9395 0.9478 0.9896 0.9896 0.9787 0.9632 0.9769 0.9520 0.9388 0.9407 0.8862 0.9048 0.8877 0.8984 0.9093 0.8659 0.8594 0.9218 0.9093 0.7731 0.0000 0.5630 0.6076 0.9489 0.9635 0.8972 0.9125 0.9253 0.9388 0.9766 0.9382 0.9489 0.9500 0.9478 0.9338 0.9270 0.9515 0.9401 0.9617 0.9783 0.8840 0.9896 0.9489 0.8934 0.9388 0.9774 0.9775 0.9520 0.9654 0.9261 0.8934 0.9525 0.9896 0.9781 0.9261 0.9388 0.9261 0.9407 0.9425 0.9657 0.9547 0.9245 0.9300 0.9144
PAME_DE_PALUCA_1958                   0.9388 0.9245 0.9209 0.9896 0.9245 0.9778 0.9648 0.9270 0.9375 0.8692 0.9500 0.9648 0.9061 0.9388 0.9104 0.9642 0.9472 0.9648 0.9388 0.9777 0.9505 0.9172 0.9375 0.9520 0.9388 0.9401 0.8641 0.9051 0.8796 0.9520 0.9617 0.9896 0.9779 0.9673 0.9628 0.9767 0.9645 0.9245 0.9401 0.9010 0.8877 0.9023 0.8972 0.9082 0.8643 0.8576 0.9060 0.9082 0.7502 0.5630 0.0000 0.6250 0.9484 0.9495 0.9245 0.8972 0.9104 0.9245 0.9764 0.9642 0.9625 0.9632 0.9617 0.9621 0.9395 0.9642 0.9261 0.9613 0.9782 0.8972 0.9896 0.9484 0.8920 0.9245 0.9772 0.9896 0.9515 0.9525 0.9115 0.9071 0.9388 0.9777 0.9538 0.9253 0.9245 0.9253 0.9270 0.9292 0.9529 0.9419 0.9093 0.9163 0.9135
PAME_MERIDIONAL                       0.9635 0.9495 0.9322 0.9896 0.9495 0.9645 0.9500 0.9375 0.9489 0.8934 0.9621 0.9500 0.9285 0.9500 0.9354 0.9489 0.9287 0.9500 0.9635 0.9771 0.9338 0.9401 0.9346 0.9500 0.9500 0.9375 0.8892 0.9144 0.9048 0.9500 0.9600 0.9896 0.9774 0.9663 0.9613 0.9621 0.9632 0.9495 0.9771 0.9287 0.8982 0.9296 0.9218 0.9338 0.8868 0.8960 0.9168 0.9338 0.8140 0.6076 0.6250 0.0000 0.9459 0.9472 0.9209 0.9218 0.9495 0.9632 0.9613 0.9489 0.9459 0.9472 0.9600 0.9453 0.9227 0.9489 0.9505 0.9748 0.9654 0.9218 0.9896 0.9459 0.9023 0.9495 0.9896 0.9896 0.9495 0.9505 0.9361 0.8696 0.9635 0.9896 0.9520 0.9500 0.9354 0.9500 0.9510 0.9525 0.9642 0.9651 0.9489 0.9525 0.9510
POPOLOCA_DE_SAN_VICENTE_COYOTEPEC     0.9484 0.9896 0.9896 0.9484 0.9760 0.9218 0.9625 0.9632 0.9010 0.9346 0.9896 0.9625 0.9651 0.9896 0.9621 0.7949 0.8333 0.9035 0.9762 0.9060 0.8659 0.9772 0.7548 0.8714 0.9762 0.9632 0.9322 0.9388 0.9758 0.8546 0.8333 0.9478 0.9227 0.9135 0.8953 0.9146 0.9023 0.9896 0.9060 0.9744 0.9748 0.9746 0.9762 0.9756 0.9896 0.9767 0.9752 0.9613 0.9605 0.9489 0.9484 0.9459 0.0000 0.7848 0.6944 0.9625 0.9760 0.9760 0.8779 0.8678 0.8760 0.8247 0.8333 0.8741 0.8732 0.8678 0.9764 0.9582 0.9772 0.9625 0.9617 0.9896 0.9896 0.9760 0.9478 0.9484 0.9179 0.9489 0.9762 0.9305 0.9484 0.9209 0.9639 0.9625 0.9478 0.9762 0.9766 0.9771 0.9495 0.9642 0.9758 0.9771 0.9632
POPOLOCA_METZONTLA                    0.9632 0.9764 0.9896 0.9632 0.9764 0.9236 0.9766 0.9769 0.9189 0.9635 0.9896 0.9766 0.9657 0.9896 0.9764 0.8195 0.7986 0.9354 0.9896 0.9639 0.8168 0.9775 0.8373 0.8247 0.9766 0.9505 0.9338 0.9654 0.9762 0.8419 0.8576 0.9489 0.9382 0.9538 0.8813 0.9322 0.9199 0.9896 0.9368 0.9748 0.9752 0.9750 0.9766 0.9760 0.9777 0.9642 0.9756 0.9760 0.9756 0.9635 0.9495 0.9472 0.7848 0.0000 0.6117 0.9632 0.9764 0.9764 0.9459 0.8373 0.8247 0.8300 0.8576 0.8219 0.9218 0.8195 0.9767 0.9268 0.9651 0.9766 0.9484 0.9896 0.9896 0.9628 0.9489 0.9632 0.9048 0.9500 0.9766 0.9322 0.9632 0.9639 0.9772 0.9632 0.9764 0.9766 0.9505 0.9774 0.9769 0.9774 0.9762 0.9774 0.9769
POPOLOCA_SAN_JUAN_ATZINGO             0.9515 0.9771 0.9628 0.9382 0.9642 0.9135 0.9772 0.9775 0.9227 0.9388 0.9896 0.9645 0.9668 0.9772 0.9642 0.8624 0.8300 0.9382 0.9772 0.9525 0.8271 0.9542 0.8123 0.8502 0.9515 0.9651 0.8934 0.9300 0.9368 0.8341 0.8659 0.9093 0.9407 0.9314 0.8877 0.9354 0.9093 0.9510 0.9261 0.9314 0.9478 0.9168 0.9245 0.9500 0.9172 0.8996 0.9489 0.9500 0.9628 0.8972 0.9245 0.9209 0.6944 0.6117 0.0000 0.9645 0.9510 0.9642 0.9338 0.8462 0.8526 0.8396 0.8830 0.8325 0.9115 0.8624 0.9648 0.8813 0.9542 0.9104 0.9227 0.9896 0.9495 0.9375 0.9236 0.9382 0.9093 0.9648 0.9645 0.9060 0.9515 0.9525 0.9896 0.9515 0.9771 0.9515 0.9525 0.9538 0.9651 0.9779 0.9639 0.9660 0.9651
QUIOQUITANI_QUIERI_ZAPOTEC            0.5301 0.5478 0.5681 0.9896 0.4948 0.9534 0.7680 0.6384 0.9375 0.9651 0.9635 0.9648 0.9555 0.9388 0.4075 0.9896 0.9896 0.9648 0.5801 0.9529 0.9639 0.4241 0.9510 0.9520 0.6038 0.9401 0.9510 0.9430 0.9771 0.9648 0.9758 0.9896 0.9660 0.9673 0.9764 0.9767 0.9645 0.4668 0.9529 0.9896 0.9896 0.9896 0.9896 0.9896 0.9668 0.9896 0.9896 0.9896 0.9060 0.9125 0.8972 0.9218 0.9625 0.9632 0.9645 0.0000 0.4668 0.4948 0.9764 0.9771 0.9896 0.9632 0.9758 0.9760 0.9125 0.9771 0.3996 0.9613 0.9782 0.9648 0.9896 0.6047 0.9635 0.4377 0.9896 0.9896 0.9245 0.9125 0.3231 0.9361 0.5301 0.9529 0.6897 0.6267 0.5478 0.4187 0.3493 0.5678 0.6165 0.6546 0.5903 0.4948 0.5208
SANTA_INES_YATZECHI_ZAPOTEC           0.5478 0.5903 0.5601 0.9896 0.5655 0.9401 0.7828 0.7713 0.9639 0.9520 0.9354 0.9245 0.9180 0.9245 0.4567 0.9639 0.9756 0.9515 0.7267 0.9775 0.9767 0.4688 0.9505 0.9645 0.5478 0.9125 0.9505 0.9300 0.9505 0.9515 0.9756 0.9896 0.9778 0.9671 0.9762 0.9766 0.9510 0.3958 0.9525 0.9466 0.9760 0.9896 0.9515 0.9635 0.9425 0.9529 0.9628 0.9767 0.9199 0.9253 0.9104 0.9495 0.9760 0.9764 0.9510 0.4668 0.0000 0.5655 0.9625 0.9769 0.9896 0.9489 0.9613 0.9758 0.9253 0.9769 0.4765 0.9609 0.9896 0.9104 0.9896 0.6944 0.9495 0.4269 0.9771 0.9896 0.9236 0.9115 0.5218 0.9495 0.5478 0.9651 0.7775 0.6432 0.6142 0.4377 0.5382 0.5608 0.6102 0.6283 0.5831 0.5367 0.5630
SANTA_MARIA_QUIEGOLANI_ZAPOTEC        0.5729 0.5655 0.6117 0.9896 0.5131 0.9529 0.8341 0.7533 0.9505 0.9520 0.9495 0.9245 0.9180 0.9382 0.4567 0.9769 0.9756 0.9645 0.6432 0.9395 0.9767 0.5443 0.9769 0.9645 0.6206 0.9651 0.9368 0.9300 0.9639 0.9645 0.9756 0.9896 0.9778 0.9671 0.9762 0.9766 0.9642 0.4567 0.9395 0.9896 0.9896 0.9896 0.9896 0.9896 0.9782 0.9896 0.9896 0.9896 0.9199 0.9388 0.9245 0.9632 0.9760 0.9764 0.9642 0.4948 0.5655 0.0000 0.9625 0.9769 0.9896 0.9628 0.9756 0.9758 0.9648 0.9769 0.5038 0.9609 0.9896 0.9645 0.9896 0.6715 0.9766 0.5655 0.9896 0.9896 0.9236 0.9115 0.5218 0.9632 0.5729 0.9651 0.7601 0.6651 0.5903 0.4668 0.5382 0.6283 0.6327 0.6897 0.6541 0.5367 0.5630
