 6
BERIA         0.0000 0.8011 0.8722 0.8596 0.8687 0.8722
BERTI         0.8011 0.0000 0.8737 0.8864 0.8835 0.8737
DAZAGA        0.8722 0.8737 0.0000 0.7842 0.8384 0.0913
KANURI        0.8596 0.8864 0.7842 0.0000 0.4379 0.7842
MANGA_KANURI  0.8687 0.8835 0.8384 0.4379 0.0000 0.8384
TEDAGA        0.8722 0.8737 0.0913 0.7842 0.8384 0.0000
