 15
BARUPU_2     0.0000 0.9423 0.9416 0.9060 0.9124 0.9477 0.5759 0.9146 0.6455 0.9214 0.9455 0.6705 0.9291 0.9443 0.9443
DUMO         0.9423 0.0000 0.4689 0.8638 0.6581 0.9282 0.9537 0.9563 0.9378 0.7529 0.9568 0.9378 0.8285 0.9558 0.8868
DUSUR        0.9416 0.4689 0.0000 0.8961 0.6224 0.9430 0.9531 0.9718 0.9370 0.8092 0.9720 0.9543 0.8462 0.9386 0.8659
ISAKA        0.9060 0.8638 0.8961 0.0000 0.8675 0.8938 0.8792 0.9177 0.9146 0.8819 0.9331 0.8988 0.9167 0.9738 0.9460
LEITRE       0.9124 0.6581 0.6224 0.8675 0.0000 0.9449 0.8833 0.9416 0.9049 0.7991 0.9727 0.9224 0.8340 0.9409 0.8720
POKO_RAWO_2  0.9477 0.9282 0.9430 0.8938 0.9449 0.0000 0.9430 0.8353 0.9590 0.9625 0.8546 0.9443 0.9737 0.9001 0.9455
POO          0.5759 0.9537 0.9531 0.8792 0.8833 0.9430 0.0000 0.8868 0.6142 0.9443 0.9235 0.5833 0.9553 0.9214 0.9553
PUARE        0.9146 0.9563 0.9718 0.9177 0.9416 0.8353 0.8868 0.0000 0.9076 0.9609 0.8062 0.8901 0.9727 0.8757 0.9727
RAMO         0.6455 0.9378 0.9370 0.9146 0.9049 0.9590 0.6142 0.9076 0.0000 0.9308 0.9416 0.6009 0.9402 0.9402 0.9402
SKOU         0.9214 0.7529 0.8092 0.8819 0.7991 0.9625 0.9443 0.9609 0.9308 0.0000 0.9744 0.9455 0.5033 0.9466 0.8546
SUMARARU     0.9455 0.9568 0.9720 0.9331 0.9727 0.8546 0.9235 0.8062 0.9416 0.9744 0.0000 0.9255 0.9872 0.7829 0.9729
SUMO         0.6705 0.9378 0.9543 0.8988 0.9224 0.9443 0.5833 0.8901 0.6009 0.9455 0.9255 0.0000 0.9563 0.9235 0.9563
TUMAWO       0.9291 0.8285 0.8462 0.9167 0.8340 0.9737 0.9553 0.9727 0.9402 0.5033 0.9872 0.9563 0.0000 0.9573 0.8916
WOMO         0.9443 0.9558 0.9386 0.9738 0.9409 0.9001 0.9214 0.8757 0.9402 0.9466 0.7829 0.9235 0.9573 0.0000 0.9573
WUTUNG       0.9443 0.8868 0.8659 0.9460 0.8720 0.9455 0.9553 0.9727 0.9402 0.8546 0.9729 0.9563 0.8916 0.9573 0.0000
