 12
BAALE        0.0000 0.5914 0.7890 0.7542 0.7890 0.6220 0.7012 0.5616 0.6520 0.6060 0.6783 0.5934
DIDINGA      0.5914 0.0000 0.7875 0.7556 0.8289 0.5968 0.7400 0.4205 0.7136 0.4706 0.7687 0.5901
KWEGU        0.7890 0.7875 0.0000 0.7754 0.8500 0.8208 0.7593 0.7929 0.7148 0.8077 0.7227 0.7969
MEEN         0.7542 0.7556 0.7754 0.0000 0.8351 0.7890 0.4625 0.7258 0.5518 0.7258 0.5781 0.7246
MESENGO      0.7890 0.8289 0.8500 0.8351 0.0000 0.8490 0.8351 0.8077 0.8094 0.8077 0.8193 0.7805
MURLE        0.6220 0.5968 0.8208 0.7890 0.8490 0.0000 0.7890 0.4968 0.7618 0.4447 0.7708 0.6223
MURSI        0.7012 0.7400 0.7593 0.4625 0.8351 0.7890 0.0000 0.7082 0.3083 0.7428 0.4803 0.7246
NARIM_LARIM  0.5616 0.4205 0.7929 0.7258 0.8077 0.4968 0.7082 0.0000 0.6973 0.2755 0.7400 0.5585
SURI_CHAI    0.6520 0.7136 0.7148 0.5518 0.8094 0.7618 0.3083 0.6973 0.0000 0.7317 0.4172 0.6938
TENNET       0.6060 0.4706 0.8077 0.7258 0.8077 0.4447 0.7428 0.2755 0.7317 0.0000 0.7568 0.5585
TIRMA        0.6783 0.7687 0.7227 0.5781 0.8193 0.7708 0.4803 0.7400 0.4172 0.7568 0.0000 0.7212
ZILMAMU      0.5934 0.5901 0.7969 0.7246 0.7805 0.6223 0.7246 0.5585 0.6938 0.5585 0.7212 0.0000
