 23
BARA              0.0000 0.4152 0.2997 0.6877 0.5726 0.5190 0.7330 0.7396 0.3806 0.7077 0.3806 0.7368 0.7207 0.5450 0.6423 0.7007 0.3525 0.3737 0.1946 0.3249 0.3806 0.8541 0.2288
BARASANO          0.4152 0.0000 0.4425 0.6634 0.5605 0.5536 0.7082 0.7176 0.3593 0.6432 0.4917 0.6794 0.6794 0.5542 0.6329 0.6926 0.3593 0.4337 0.3878 0.4858 0.4671 0.8049 0.3878
CARAPANA          0.2997 0.4425 0.0000 0.7280 0.6087 0.5637 0.7419 0.7474 0.4097 0.7176 0.3837 0.7448 0.7295 0.5635 0.6905 0.7299 0.2055 0.3503 0.2997 0.3924 0.4592 0.8574 0.2997
CUBEO             0.6877 0.6634 0.7280 0.0000 0.7039 0.6569 0.6972 0.6911 0.6877 0.6905 0.6539 0.6711 0.6363 0.7007 0.6634 0.7186 0.7196 0.7100 0.7039 0.7219 0.6363 0.8318 0.6877
DESANO            0.5726 0.5605 0.6087 0.7039 0.0000 0.6121 0.7330 0.7396 0.5726 0.7077 0.5726 0.7368 0.7368 0.2803 0.6423 0.6604 0.6324 0.5424 0.5067 0.5775 0.5931 0.8087 0.5726
GUANANO           0.5190 0.5536 0.5637 0.6569 0.6121 0.0000 0.7048 0.7330 0.5435 0.7351 0.4111 0.7474 0.7118 0.6282 0.6650 0.6874 0.6121 0.5338 0.4935 0.4874 0.2843 0.8270 0.4935
KOREGUAJE         0.7330 0.7082 0.7419 0.6972 0.7330 0.7048 0.0000 0.4030 0.7502 0.5464 0.7330 0.5266 0.5266 0.7299 0.7444 0.7340 0.7502 0.7556 0.7330 0.7375 0.7330 0.8287 0.7330
KOREGUAYE         0.7396 0.7176 0.7474 0.6911 0.7396 0.7330 0.4030 0.0000 0.7396 0.4325 0.7396 0.3349 0.4171 0.7368 0.7340 0.7233 0.7550 0.7598 0.7396 0.7617 0.7396 0.8553 0.7396
MACUNA            0.3806 0.3593 0.4097 0.6877 0.5726 0.5435 0.7502 0.7396 0.0000 0.7077 0.4337 0.7368 0.7040 0.5225 0.6972 0.7383 0.4337 0.4004 0.3806 0.4763 0.4589 0.8541 0.3806
OREJON            0.7077 0.6432 0.7176 0.6905 0.7077 0.7351 0.5464 0.4325 0.7077 0.0000 0.7251 0.3664 0.5476 0.6861 0.7007 0.7442 0.7077 0.7144 0.7077 0.7087 0.7251 0.8493 0.7251
PIRATAPUYO        0.3806 0.4917 0.3837 0.6539 0.5726 0.4111 0.7330 0.7396 0.4337 0.7251 0.0000 0.7368 0.7040 0.5667 0.6611 0.7007 0.4337 0.3173 0.3234 0.4484 0.2616 0.8394 0.3234
SECOYA            0.7368 0.6794 0.7448 0.6711 0.7368 0.7474 0.5266 0.3349 0.7368 0.3664 0.7368 0.0000 0.4337 0.7176 0.7144 0.7383 0.7368 0.7422 0.7368 0.7590 0.7368 0.8394 0.7526
SIONA             0.7207 0.6794 0.7295 0.6363 0.7368 0.7118 0.5266 0.4171 0.7040 0.5476 0.7040 0.4337 0.0000 0.7176 0.6972 0.7007 0.7368 0.7105 0.7040 0.7233 0.7040 0.8394 0.7040
SIRIANO           0.5450 0.5542 0.5635 0.7007 0.2803 0.6282 0.7299 0.7368 0.5225 0.6861 0.5667 0.7176 0.7176 0.0000 0.6755 0.7162 0.5876 0.4909 0.4753 0.5464 0.6080 0.8380 0.5225
TANIMUCA          0.6423 0.6329 0.6905 0.6634 0.6423 0.6650 0.7444 0.7340 0.6972 0.7007 0.6611 0.7144 0.6972 0.6755 0.0000 0.3185 0.6972 0.6511 0.6423 0.6339 0.6611 0.6765 0.6611
TANIMUCA_RETUARA  0.7007 0.6926 0.7299 0.7186 0.6604 0.6874 0.7340 0.7233 0.7383 0.7442 0.7007 0.7383 0.7007 0.7162 0.3185 0.0000 0.7383 0.6892 0.7007 0.6539 0.7007 0.7007 0.7007
TATUYO            0.3525 0.3593 0.2055 0.7196 0.6324 0.6121 0.7502 0.7550 0.4337 0.7077 0.4337 0.7368 0.7368 0.5876 0.6972 0.7383 0.0000 0.3737 0.3525 0.4194 0.5067 0.8684 0.3525
TUCANO            0.3737 0.4337 0.3503 0.7100 0.5424 0.5338 0.7556 0.7598 0.4004 0.7144 0.3173 0.7422 0.7105 0.4909 0.6511 0.6892 0.3737 0.0000 0.2564 0.3503 0.4261 0.8421 0.3173
TUYUCA            0.1946 0.3878 0.2997 0.7039 0.5067 0.4935 0.7330 0.7396 0.3806 0.7077 0.3234 0.7368 0.7040 0.4753 0.6423 0.7007 0.3525 0.2564 0.0000 0.3578 0.3806 0.8394 0.1590
WAIMAHA           0.3249 0.4858 0.3924 0.7219 0.5775 0.4874 0.7375 0.7617 0.4763 0.7087 0.4484 0.7590 0.7233 0.5464 0.6339 0.6539 0.4194 0.3503 0.3578 0.0000 0.4763 0.8234 0.3578
WANANO            0.3806 0.4671 0.4592 0.6363 0.5931 0.2843 0.7330 0.7396 0.4589 0.7251 0.2616 0.7368 0.7040 0.6080 0.6611 0.7007 0.5067 0.4261 0.3806 0.4763 0.0000 0.8394 0.3806
YAHUNA            0.8541 0.8049 0.8574 0.8318 0.8087 0.8270 0.8287 0.8553 0.8541 0.8493 0.8394 0.8394 0.8394 0.8380 0.6765 0.7007 0.8684 0.8421 0.8394 0.8234 0.8394 0.0000 0.8394
YURUTI            0.2288 0.3878 0.2997 0.6877 0.5726 0.4935 0.7330 0.7396 0.3806 0.7251 0.3234 0.7526 0.7040 0.5225 0.6611 0.7007 0.3525 0.3173 0.1590 0.3578 0.3806 0.8394 0.0000
