 24
AIHUI_MANCHU             0.0000 0.7279 0.6923 0.6787 0.7475 0.6283 0.6231 0.6254 0.6231 0.5400 0.6672 0.6167 0.6750 0.6404 0.6934 0.7015 0.6600 0.6857 0.4959 0.6453 0.6787 0.6873 0.6787 0.4500
EVEN                     0.7279 0.0000 0.5864 0.5250 0.4755 0.5684 0.6254 0.6092 0.5625 0.7286 0.6818 0.6000 0.6875 0.5564 0.5186 0.6658 0.5034 0.5164 0.8000 0.5625 0.5661 0.6823 0.6582 0.7200
EVENKI                   0.6923 0.5864 0.0000 0.4000 0.7000 0.4925 0.6407 0.6047 0.5786 0.7000 0.6609 0.6344 0.6686 0.5500 0.5121 0.6781 0.4966 0.4655 0.7388 0.6407 0.5806 0.6968 0.6369 0.6823
EVENKI_POLIGUS_LITERARY  0.6787 0.5250 0.4000 0.0000 0.6474 0.4021 0.5040 0.4745 0.3913 0.6600 0.6254 0.5019 0.6369 0.4109 0.4059 0.6313 0.3306 0.3240 0.7453 0.5040 0.4909 0.6000 0.5586 0.6474
EWEN                     0.7475 0.4755 0.7000 0.6474 0.0000 0.6120 0.6750 0.7082 0.6300 0.7714 0.7322 0.7071 0.7500 0.5745 0.6429 0.7412 0.6672 0.6362 0.7967 0.6061 0.6864 0.7364 0.7403 0.7393
EWENKI_2                 0.6283 0.5684 0.4925 0.4021 0.6120 0.0000 0.4395 0.4941 0.2605 0.6179 0.5885 0.4979 0.6254 0.2000 0.3600 0.6197 0.4313 0.3326 0.6667 0.4395 0.4592 0.5283 0.5604 0.5362
HEZHE                    0.6231 0.6254 0.6407 0.5040 0.6750 0.4395 0.0000 0.3400 0.3231 0.6485 0.5327 0.2925 0.5786 0.4171 0.4959 0.6344 0.3913 0.4941 0.6404 0.3951 0.5040 0.4909 0.5294 0.5000
JURCHEN                  0.6254 0.6092 0.6047 0.4745 0.7082 0.4941 0.3400 0.0000 0.4021 0.6000 0.5897 0.1714 0.6047 0.4776 0.4667 0.6353 0.3420 0.4895 0.6600 0.4860 0.4982 0.5604 0.5431 0.5891
KUR_URMI                 0.6231 0.5625 0.5786 0.3913 0.6300 0.2605 0.3231 0.4021 0.0000 0.6313 0.5062 0.3977 0.5564 0.2250 0.3800 0.5949 0.3600 0.3830 0.6833 0.3600 0.4500 0.5200 0.5538 0.5553
MANCHU                   0.5400 0.7286 0.7000 0.6600 0.7714 0.6179 0.6485 0.6000 0.6313 0.0000 0.6658 0.6429 0.6722 0.6273 0.6568 0.7200 0.6446 0.6360 0.4935 0.6652 0.6896 0.6814 0.6288 0.5016
NANAI_2                  0.6672 0.6818 0.6609 0.6254 0.7322 0.5885 0.5327 0.5897 0.5062 0.6658 0.0000 0.5538 0.1800 0.6231 0.6600 0.6545 0.5400 0.6150 0.7017 0.5824 0.6052 0.4200 0.3563 0.6333
NANAI_CHINA              0.6167 0.6000 0.6344 0.5019 0.7071 0.4979 0.2925 0.1714 0.3977 0.6429 0.5538 0.0000 0.5949 0.4800 0.4680 0.6286 0.3638 0.4925 0.6545 0.4600 0.5019 0.5438 0.5264 0.5760
NAYKHIN_NANAI            0.6750 0.6875 0.6686 0.6369 0.7500 0.6254 0.5786 0.6047 0.5564 0.6722 0.1800 0.5949 0.0000 0.6559 0.6682 0.6781 0.5607 0.6273 0.7227 0.6207 0.6188 0.4846 0.4000 0.6823
NEGIDAL                  0.6404 0.5564 0.5500 0.4109 0.5745 0.2000 0.4171 0.4776 0.2250 0.6273 0.6231 0.4800 0.6559 0.0000 0.2634 0.6102 0.4109 0.3400 0.6792 0.3825 0.4688 0.5674 0.5943 0.5478
NEGIDAL_VERCHOVSKI       0.6934 0.5186 0.5121 0.4059 0.6429 0.3600 0.4959 0.4667 0.3800 0.6568 0.6600 0.4680 0.6682 0.2634 0.0000 0.6092 0.3490 0.2812 0.7258 0.4959 0.4585 0.6382 0.5949 0.6218
OROCH                    0.7015 0.6658 0.6781 0.6313 0.7412 0.6197 0.6344 0.6353 0.5949 0.7200 0.6545 0.6286 0.6781 0.6102 0.6092 0.0000 0.5571 0.6045 0.7750 0.6344 0.4950 0.6891 0.6652 0.6923
OROCHI                   0.6600 0.5034 0.4966 0.3306 0.6672 0.4313 0.3913 0.3420 0.3600 0.6446 0.5400 0.3638 0.5607 0.4109 0.3490 0.5571 0.0000 0.3529 0.7113 0.4213 0.3306 0.5040 0.4415 0.6055
OROQEN                   0.6857 0.5164 0.4655 0.3240 0.6362 0.3326 0.4941 0.4895 0.3830 0.6360 0.6150 0.4925 0.6273 0.3400 0.2812 0.6045 0.3529 0.0000 0.7000 0.4680 0.4582 0.6107 0.5492 0.6158
SIBE_MANCHU              0.4959 0.8000 0.7388 0.7453 0.7967 0.6667 0.6404 0.6600 0.6833 0.4935 0.7017 0.6545 0.7227 0.6792 0.7258 0.7750 0.7113 0.7000 0.0000 0.6833 0.7286 0.6623 0.6750 0.3767
SOLON                    0.6453 0.5625 0.6407 0.5040 0.6061 0.4395 0.3951 0.4860 0.3600 0.6652 0.5824 0.4600 0.6207 0.3825 0.4959 0.6344 0.4213 0.4680 0.6833 0.0000 0.5294 0.5200 0.5538 0.5553
UDEHE                    0.6787 0.5661 0.5806 0.4909 0.6864 0.4592 0.5040 0.4982 0.4500 0.6896 0.6052 0.5019 0.6188 0.4688 0.4585 0.4950 0.3306 0.4582 0.7286 0.5294 0.0000 0.5774 0.5586 0.6474
UILTA                    0.6873 0.6823 0.6968 0.6000 0.7364 0.5283 0.4909 0.5604 0.5200 0.6814 0.4200 0.5438 0.4846 0.5674 0.6382 0.6891 0.5040 0.6107 0.6623 0.5200 0.5774 0.0000 0.3913 0.5813
ULCHA                    0.6787 0.6582 0.6369 0.5586 0.7403 0.5604 0.5294 0.5431 0.5538 0.6288 0.3563 0.5264 0.4000 0.5943 0.5949 0.6652 0.4415 0.5492 0.6750 0.5538 0.5586 0.3913 0.0000 0.6055
XIBE                     0.4500 0.7200 0.6823 0.6474 0.7393 0.5362 0.5000 0.5891 0.5553 0.5016 0.6333 0.5760 0.6823 0.5478 0.6218 0.6923 0.6055 0.6158 0.3767 0.5553 0.6474 0.5813 0.6055 0.0000
