 8
NINAM       0.0000 0.5408 0.6104 0.2094 0.3367 0.4294 0.4620 0.5574
SANIMA      0.5408 0.0000 0.4175 0.5447 0.4601 0.3685 0.3609 0.4488
SANUMA      0.6104 0.4175 0.0000 0.5808 0.5974 0.5502 0.5459 0.4978
SHIRISHANA  0.2094 0.5447 0.5808 0.0000 0.4094 0.4729 0.5203 0.5451
YANAM_2     0.3367 0.4601 0.5974 0.4094 0.0000 0.2833 0.3673 0.5284
YANOMAM     0.4294 0.3685 0.5502 0.4729 0.2833 0.0000 0.1174 0.3814
YANOMAME    0.4620 0.3609 0.5459 0.5203 0.3673 0.1174 0.0000 0.3280
YANOMAMI    0.5574 0.4488 0.4978 0.5451 0.5284 0.3814 0.3280 0.0000
