 31
ABNAKI_EASTERN                          0.0000 0.4373 0.7569 0.9278 0.8365 0.9525 0.9345 0.8043 0.7878 0.8342 0.9276 0.8283 0.7978 0.7909 0.8964 0.7591 0.7532 0.7605 0.7878 0.7238 0.7293 0.7458 0.7373 0.7250 0.8597 0.9159 0.7190 0.7744 0.7909 0.9236 0.9298
ABNAKI_WESTERN                          0.4373 0.0000 0.7451 0.9039 0.7851 0.9318 0.8988 0.7689 0.7560 0.7821 0.9082 0.7675 0.7205 0.7415 0.8774 0.7455 0.7415 0.7124 0.7737 0.7131 0.6797 0.7131 0.6857 0.6951 0.7594 0.8938 0.7085 0.7219 0.7040 0.9032 0.9227
ALGONQUIN                               0.7569 0.7451 0.0000 0.8853 0.6367 0.9053 0.9379 0.6291 0.7490 0.7376 0.9062 0.7935 0.6885 0.7880 0.8885 0.7580 0.5625 0.5767 0.6483 0.6356 0.4760 0.5040 0.8772 0.5473 0.6538 0.9062 0.6291 0.7335 0.7706 0.9145 0.9331
ARAPAHO                                 0.9278 0.9039 0.8853 0.0000 0.9126 0.9633 0.9149 0.8693 0.9149 0.9278 0.9763 0.9236 0.9034 0.9313 0.9486 0.9227 0.9001 0.9027 0.8988 0.9249 0.8822 0.9076 0.9437 0.9137 0.9001 0.9587 0.9238 0.9102 0.9313 0.9755 0.9520
ATIKAMEKW                               0.8365 0.7851 0.6367 0.9126 0.0000 0.9276 0.9209 0.7670 0.7724 0.7205 0.9410 0.6935 0.7140 0.7757 0.8976 0.8043 0.6969 0.6645 0.7335 0.7285 0.6477 0.6831 0.8538 0.6417 0.6756 0.8517 0.7238 0.7779 0.7757 0.9379 0.9427
BLACKFOOT                               0.9525 0.9318 0.9053 0.9633 0.9276 0.0000 0.9416 0.8803 0.8898 0.9136 0.9678 0.8875 0.8772 0.8635 0.9082 0.9085 0.9172 0.8933 0.8898 0.8964 0.9032 0.8818 0.9398 0.9021 0.8910 0.9392 0.9095 0.8988 0.8635 0.9553 0.9474
CHEYENNE                                0.9345 0.8988 0.9379 0.9149 0.9209 0.9416 0.0000 0.8838 0.8938 0.9051 0.9541 0.9042 0.8805 0.9095 0.9398 0.9149 0.9095 0.8976 0.8938 0.9014 0.8938 0.9014 0.9345 0.9359 0.8951 0.9337 0.9001 0.9039 0.8951 0.9767 0.9437
CHIPPEWA                                0.8043 0.7689 0.6291 0.8693 0.7670 0.8803 0.8838 0.0000 0.7744 0.8239 0.9244 0.8355 0.7605 0.8342 0.8912 0.7872 0.6709 0.6356 0.6885 0.6525 0.5622 0.5679 0.8960 0.6591 0.7159 0.8945 0.7225 0.8011 0.7973 0.9200 0.9268
DELAWARE_MUNSEE                         0.7878 0.7560 0.7490 0.9149 0.7724 0.8898 0.8938 0.7744 0.0000 0.6648 0.9172 0.7203 0.7670 0.7453 0.8859 0.7500 0.7639 0.7525 0.7789 0.7973 0.7219 0.7373 0.8740 0.7757 0.7260 0.9039 0.7942 0.5323 0.7639 0.9392 0.9197
FOX                                     0.8342 0.7821 0.7376 0.9278 0.7205 0.9136 0.9051 0.8239 0.6648 0.0000 0.8872 0.6059 0.6844 0.6920 0.9106 0.7591 0.7909 0.7016 0.7495 0.7876 0.7495 0.8074 0.8517 0.7250 0.6703 0.8838 0.7632 0.6885 0.7724 0.9506 0.9421
KASKASKIA_ILLINOIS                      0.9276 0.9082 0.9062 0.9763 0.9410 0.9678 0.9541 0.9244 0.9172 0.8872 0.0000 0.9126 0.8788 0.9053 0.9447 0.9095 0.9662 0.9072 0.9421 0.9386 0.9298 0.9116 0.9276 0.9032 0.8922 0.9769 0.9244 0.8859 0.9305 0.9442 0.9687
KICKAPOO                                0.8283 0.7675 0.7935 0.9236 0.6935 0.8875 0.9042 0.8355 0.7203 0.6059 0.9126 0.0000 0.7219 0.6688 0.8440 0.7996 0.8065 0.7140 0.7552 0.7880 0.7552 0.7880 0.8283 0.7519 0.6877 0.8859 0.7673 0.7040 0.7584 0.9205 0.9371
MENOMINEE                               0.7978 0.7205 0.6885 0.9034 0.7140 0.8772 0.8805 0.7605 0.7670 0.6844 0.8788 0.7219 0.0000 0.6591 0.8558 0.7316 0.7285 0.5969 0.6529 0.6658 0.6009 0.6920 0.8182 0.6203 0.6084 0.8733 0.6591 0.6255 0.6831 0.9027 0.9253
MIAMI                                   0.7909 0.7415 0.7880 0.9313 0.7757 0.8635 0.9095 0.8342 0.7453 0.6920 0.9053 0.6688 0.6591 0.0000 0.8586 0.7942 0.7851 0.7378 0.7453 0.8003 0.7453 0.8003 0.8089 0.7605 0.7106 0.8898 0.7973 0.7085 0.7301 0.9268 0.9325
MICMAC                                  0.8964 0.8774 0.8885 0.9486 0.8976 0.9082 0.9398 0.8912 0.8859 0.9106 0.9447 0.8440 0.8558 0.8586 0.0000 0.8898 0.9145 0.8474 0.8568 0.8925 0.8716 0.8454 0.9106 0.8700 0.8283 0.9095 0.8756 0.8651 0.8586 0.9541 0.9571
MOHEGAN                                 0.7591 0.7455 0.7580 0.9227 0.8043 0.9085 0.9149 0.7872 0.7500 0.7591 0.9095 0.7996 0.7316 0.7942 0.8898 0.0000 0.8132 0.7415 0.7909 0.7909 0.7062 0.7225 0.8590 0.7458 0.7744 0.9430 0.7648 0.7323 0.8132 0.8883 0.9126
MONTAGNAIS                              0.7532 0.7415 0.5625 0.9001 0.6969 0.9172 0.9095 0.6709 0.7639 0.7909 0.9662 0.8065 0.7285 0.7851 0.9145 0.8132 0.0000 0.5203 0.4663 0.4943 0.5724 0.6291 0.8756 0.5393 0.7490 0.9051 0.5428 0.7495 0.7490 0.9525 0.9325
MOOSE_CREE                              0.7605 0.7124 0.5767 0.9027 0.6645 0.8933 0.8976 0.6356 0.7525 0.7016 0.9072 0.7140 0.5969 0.7378 0.8474 0.7415 0.5203 0.0000 0.4577 0.4846 0.5377 0.6179 0.8633 0.4183 0.6797 0.9359 0.5040 0.6756 0.6997 0.9021 0.9452
NASKAPI                                 0.7878 0.7737 0.6483 0.8988 0.7335 0.8898 0.8938 0.6885 0.7789 0.7495 0.9421 0.7552 0.6529 0.7453 0.8568 0.7909 0.4663 0.4577 0.0000 0.5141 0.6136 0.6938 0.8740 0.5572 0.7062 0.9190 0.5622 0.7654 0.7453 0.9261 0.9318
NORTHERN_EAST_CREE                      0.7238 0.7131 0.6356 0.9249 0.7285 0.8964 0.9014 0.6525 0.7973 0.7876 0.9386 0.7880 0.6658 0.8003 0.8925 0.7909 0.4943 0.4846 0.5141 0.0000 0.6225 0.6591 0.8631 0.4083 0.7617 0.9126 0.2342 0.7190 0.7205 0.9209 0.9276
OJIBWA_EASTERN                          0.7293 0.6797 0.4760 0.8822 0.6477 0.9032 0.8938 0.5622 0.7219 0.7495 0.9298 0.7552 0.6009 0.7453 0.8716 0.7062 0.5724 0.5377 0.6136 0.6225 0.0000 0.4207 0.8578 0.5572 0.5724 0.8883 0.6408 0.7038 0.7260 0.8988 0.9318
OTTAWA                                  0.7458 0.7131 0.5040 0.9076 0.6831 0.8818 0.9014 0.5679 0.7373 0.8074 0.9116 0.7880 0.6920 0.8003 0.8454 0.7225 0.6291 0.6179 0.6938 0.6591 0.4207 0.0000 0.8631 0.6156 0.6042 0.8960 0.6525 0.7415 0.7813 0.9062 0.9276
PASSAMAQUODDY_MALISEET_UNNAMEDINSOURCE  0.7373 0.6857 0.8772 0.9437 0.8538 0.9398 0.9345 0.8960 0.8740 0.8517 0.9276 0.8283 0.8182 0.8089 0.9106 0.8590 0.8756 0.8633 0.8740 0.8631 0.8578 0.8631 0.0000 0.8558 0.8432 0.9159 0.8428 0.8317 0.8089 0.9373 0.9421
PLAINS_CREE                             0.7250 0.6951 0.5473 0.9137 0.6417 0.9021 0.9359 0.6591 0.7757 0.7250 0.9032 0.7519 0.6203 0.7605 0.8700 0.7458 0.5393 0.4183 0.5572 0.4083 0.5572 0.6156 0.8558 0.0000 0.6807 0.9027 0.4628 0.6989 0.7219 0.8976 0.9312
POTAWATOMI                              0.8597 0.7594 0.6538 0.9001 0.6756 0.8910 0.8951 0.7159 0.7260 0.6703 0.8922 0.6877 0.6084 0.7106 0.8283 0.7744 0.7490 0.6797 0.7062 0.7617 0.5724 0.6042 0.8432 0.6807 0.0000 0.9051 0.7580 0.7293 0.7851 0.9136 0.9325
POWHATAN_UNNAMEDINSOURCE                0.9159 0.8938 0.9062 0.9587 0.8517 0.9392 0.9337 0.8945 0.9039 0.8838 0.9769 0.8859 0.8733 0.8898 0.9095 0.9430 0.9051 0.9359 0.9190 0.9126 0.8883 0.8960 0.9159 0.9027 0.9051 0.0000 0.9114 0.8988 0.8898 0.9761 0.9773
SOUTHERN_EAST_CREE                      0.7190 0.7085 0.6291 0.9238 0.7238 0.9095 0.9001 0.7225 0.7942 0.7632 0.9244 0.7673 0.6591 0.7973 0.8756 0.7648 0.5428 0.5040 0.5622 0.2342 0.6408 0.6525 0.8428 0.4628 0.7580 0.9114 0.0000 0.6902 0.7159 0.9051 0.9268
UNAMI_UNNAMEDINSOURCE                   0.7744 0.7219 0.7335 0.9102 0.7779 0.8988 0.9039 0.8011 0.5323 0.6885 0.8859 0.7040 0.6255 0.7085 0.8651 0.7323 0.7495 0.6756 0.7654 0.7190 0.7038 0.7415 0.8317 0.6989 0.7293 0.8988 0.6902 0.0000 0.7293 0.9085 0.9291
WAMPANOAG_NATICK                        0.7909 0.7040 0.7706 0.9313 0.7757 0.8635 0.8951 0.7973 0.7639 0.7724 0.9305 0.7584 0.6831 0.7301 0.8586 0.8132 0.7490 0.6997 0.7453 0.7205 0.7260 0.7813 0.8089 0.7219 0.7851 0.8898 0.7159 0.7293 0.0000 0.9136 0.9442
WIYOT                                   0.9236 0.9032 0.9145 0.9755 0.9379 0.9553 0.9767 0.9200 0.9392 0.9506 0.9442 0.9205 0.9027 0.9268 0.9541 0.8883 0.9525 0.9021 0.9261 0.9209 0.8988 0.9062 0.9373 0.8976 0.9136 0.9761 0.9051 0.9085 0.9136 0.0000 0.9676
YUROK                                   0.9298 0.9227 0.9331 0.9520 0.9427 0.9474 0.9437 0.9268 0.9197 0.9421 0.9687 0.9371 0.9253 0.9325 0.9571 0.9126 0.9325 0.9452 0.9318 0.9276 0.9318 0.9276 0.9421 0.9312 0.9325 0.9773 0.9268 0.9291 0.9442 0.9676 0.0000
