 49
AGI                  0.0000 0.2249 0.6823 0.7043 0.9113 0.9008 0.8852 0.2858 0.7660 0.8323 0.9187 0.9359 0.9069 0.9481 0.9373 0.9611 0.9451 0.9422 0.9267 0.6974 0.1649 0.5800 0.9393 0.2473 0.8639 0.4757 0.5130 0.5901 0.5496 0.6296 0.5653 0.8866 0.9362 0.8958 0.9359 0.2858 0.9251 0.9352 0.9752 0.4551 0.9417 0.5432 0.4293 0.6653 0.4757 0.9619 0.7340 0.1884 0.8890
ANDRI                0.2249 0.0000 0.6596 0.6823 0.9113 0.9008 0.8706 0.2858 0.7852 0.8502 0.9187 0.9498 0.9216 0.9481 0.9373 0.9463 0.9451 0.9422 0.9399 0.6761 0.2858 0.5554 0.9393 0.2858 0.8794 0.4757 0.5901 0.5653 0.6007 0.6537 0.6596 0.8722 0.9362 0.8809 0.9359 0.3579 0.9251 0.9207 0.9752 0.4850 0.9417 0.5145 0.4293 0.7090 0.5576 0.9619 0.7538 0.3789 0.9046
ARINGA_2             0.6823 0.6596 0.0000 0.5432 0.9373 0.9607 0.9386 0.7211 0.9021 0.8812 0.9470 0.9487 0.9344 0.9756 0.9498 0.9603 0.9437 0.9658 0.9386 0.5413 0.7211 0.5397 0.9513 0.7211 0.9069 0.6422 0.6482 0.4656 0.7043 0.6656 0.6249 0.9393 0.9683 0.9637 0.9487 0.7420 0.9373 0.9336 0.9894 0.6994 0.9532 0.5820 0.6431 0.4947 0.6875 0.9611 0.5863 0.6943 0.9328
AVOKAYA_2            0.7043 0.6823 0.5432 0.0000 0.9373 0.8980 0.9518 0.6994 0.9021 0.8457 0.9320 0.9487 0.9197 0.9615 0.9359 0.9603 0.9108 0.9411 0.9251 0.3916 0.7420 0.5653 0.9513 0.7420 0.9069 0.5936 0.6708 0.6007 0.7461 0.7116 0.6708 0.9259 0.9574 0.9503 0.9344 0.7211 0.9234 0.9336 0.9748 0.7211 0.9532 0.6347 0.6431 0.5238 0.7090 0.9611 0.6116 0.7164 0.9328
BAGIRMI              0.9113 0.9113 0.9373 0.9373 0.0000 0.7299 0.8904 0.9102 0.8945 0.6875 0.5576 0.8520 0.6266 0.7181 0.5936 0.6596 0.6229 0.7145 0.5514 0.9393 0.9102 0.9283 0.6125 0.9102 0.9652 0.9123 0.9267 0.9267 0.9386 0.9503 0.9399 0.9178 0.9384 0.9405 0.5800 0.9102 0.7803 0.8002 0.6046 0.8958 0.8095 0.9069 0.9028 0.9102 0.9393 0.8918 0.9251 0.9091 0.8480
BAKA_SUDAN           0.9008 0.9008 0.9607 0.8980 0.7299 0.0000 0.9225 0.8657 0.8812 0.5771 0.7847 0.8844 0.8502 0.8245 0.7819 0.8158 0.8505 0.7886 0.8122 0.9177 0.8828 0.9207 0.8439 0.8828 0.9481 0.8694 0.8875 0.9336 0.9008 0.9133 0.8875 0.9091 0.9564 0.9197 0.7750 0.8657 0.6875 0.7290 0.8127 0.8828 0.7679 0.9285 0.9216 0.9155 0.9021 0.8777 0.9320 0.8980 0.7881
BALESE               0.8852 0.8706 0.9386 0.9518 0.8904 0.9225 0.0000 0.8838 0.8824 0.8932 0.9380 0.9399 0.9267 0.9513 0.9411 0.8918 0.9344 0.9454 0.9312 0.9275 0.8982 0.8904 0.9178 0.8982 0.9017 0.9142 0.9017 0.9017 0.8994 0.9243 0.9152 0.5496 0.9498 0.7129 0.9399 0.8982 0.9170 0.8982 0.9207 0.8838 0.9331 0.8945 0.9049 0.9259 0.9006 0.9373 0.9399 0.8824 0.9113
BALIMBA              0.2858 0.2858 0.7211 0.6994 0.9102 0.8657 0.8838 0.0000 0.7819 0.8298 0.9177 0.9207 0.9058 0.9476 0.9366 0.9457 0.9285 0.9290 0.9393 0.7136 0.2301 0.5970 0.9386 0.2301 0.8622 0.5227 0.5313 0.5830 0.5137 0.5974 0.6075 0.8557 0.9356 0.8794 0.9352 0.2301 0.9102 0.9197 0.9750 0.5044 0.9536 0.5626 0.5037 0.6596 0.4947 0.9470 0.7299 0.3656 0.9033
BIRRI_C_AFRICAN_REP  0.7660 0.7852 0.9021 0.9021 0.8945 0.8812 0.8824 0.7819 0.0000 0.8637 0.9008 0.9197 0.9197 0.9166 0.9069 0.9133 0.9275 0.9283 0.9113 0.9058 0.7211 0.8316 0.9102 0.7420 0.9359 0.8417 0.7915 0.8269 0.7852 0.8323 0.8269 0.8838 0.9574 0.9080 0.9046 0.7420 0.9091 0.9187 0.9444 0.8009 0.9275 0.8298 0.8173 0.8875 0.7695 0.9312 0.9197 0.7979 0.8348
BONGO                0.8323 0.8502 0.8812 0.8457 0.6875 0.5771 0.8932 0.8298 0.8637 0.0000 0.7420 0.8676 0.8502 0.8245 0.7623 0.7950 0.8505 0.8221 0.7945 0.8694 0.8480 0.8584 0.7729 0.8480 0.9033 0.8524 0.8372 0.8712 0.8502 0.8794 0.8193 0.9091 0.9449 0.9197 0.7750 0.8480 0.7500 0.7506 0.8127 0.8657 0.8030 0.8410 0.8603 0.8480 0.8524 0.8951 0.8844 0.8272 0.7676
DAGBA                0.9187 0.9187 0.9470 0.9320 0.5576 0.7847 0.9380 0.9177 0.9008 0.7420 0.0000 0.8712 0.6537 0.6347 0.5413 0.7597 0.6790 0.7045 0.6431 0.9197 0.9177 0.9225 0.7420 0.9177 0.9493 0.9197 0.9207 0.9352 0.9336 0.9463 0.9207 0.9386 0.9571 0.9498 0.5518 0.9177 0.8122 0.8166 0.7329 0.9021 0.8245 0.9144 0.9091 0.9177 0.9344 0.9144 0.9187 0.9166 0.8502
FORMONA              0.9359 0.9498 0.9487 0.9487 0.8520 0.8844 0.9399 0.9207 0.9197 0.8676 0.8712 0.0000 0.8763 0.8875 0.8639 0.8657 0.8245 0.8480 0.8706 0.9503 0.9352 0.9518 0.8538 0.9493 0.9768 0.9503 0.9373 0.9508 0.9498 0.9481 0.9508 0.9275 0.9581 0.9894 0.8603 0.9493 0.8970 0.9058 0.8637 0.9493 0.9161 0.9476 0.9393 0.9493 0.9503 0.7585 0.9498 0.9344 0.8730
FURU                 0.9069 0.9216 0.9344 0.9197 0.6266 0.8502 0.9267 0.9058 0.9197 0.8502 0.6537 0.8763 0.0000 0.7420 0.6596 0.7506 0.6208 0.7169 0.7002 0.9080 0.9058 0.9113 0.7531 0.9207 0.9640 0.9080 0.9091 0.9234 0.9498 0.9623 0.9234 0.9142 0.9473 0.9380 0.6926 0.9207 0.8520 0.8584 0.7015 0.9058 0.8609 0.9021 0.8982 0.9207 0.9366 0.8860 0.8918 0.9046 0.8565
GOR                  0.9481 0.9481 0.9756 0.9615 0.7181 0.8245 0.9513 0.9476 0.9166 0.8245 0.6347 0.8875 0.7420 0.0000 0.6184 0.7145 0.7280 0.7420 0.6650 0.9626 0.9476 0.9503 0.8148 0.9476 0.9630 0.9487 0.9493 0.9630 0.9623 0.9754 0.9493 0.9518 0.9459 0.9633 0.5518 0.9476 0.7945 0.7979 0.7329 0.9476 0.8245 0.9457 0.9373 0.9328 0.9626 0.8980 0.9623 0.9470 0.8323
GULAY_2              0.9373 0.9373 0.9498 0.9359 0.5936 0.7819 0.9411 0.9366 0.9069 0.7623 0.5413 0.8639 0.6596 0.6184 0.0000 0.7378 0.7067 0.7067 0.5117 0.9243 0.9366 0.9399 0.7599 0.9366 0.9518 0.9380 0.9386 0.9518 0.9508 0.9630 0.9386 0.9417 0.9262 0.9523 0.2947 0.9366 0.8082 0.8293 0.7116 0.9225 0.8201 0.9344 0.9275 0.9225 0.9513 0.9046 0.9234 0.9359 0.8603
GULA_CAR             0.9611 0.9463 0.9603 0.9603 0.6596 0.8158 0.8918 0.9457 0.9133 0.7950 0.7597 0.8657 0.7506 0.7145 0.7378 0.0000 0.7610 0.8030 0.6926 0.9470 0.9607 0.9344 0.7090 0.9607 0.9619 0.9615 0.9328 0.9476 0.9611 0.9598 0.9619 0.9080 0.9444 0.9481 0.7067 0.9607 0.8219 0.8080 0.4832 0.9457 0.8339 0.9437 0.9493 0.9303 0.9470 0.8758 0.9463 0.9603 0.8617
GULA_SARA            0.9451 0.9451 0.9437 0.9108 0.6229 0.8505 0.9344 0.9285 0.9275 0.8505 0.6790 0.8245 0.6208 0.7280 0.7067 0.7610 0.0000 0.7021 0.7043 0.9144 0.9444 0.9177 0.7420 0.9444 0.9611 0.9144 0.9155 0.9312 0.9603 0.9589 0.9312 0.9207 0.9552 0.9320 0.6962 0.9285 0.8166 0.8596 0.7067 0.9121 0.8622 0.9255 0.9481 0.9121 0.9457 0.8720 0.9133 0.9437 0.8574
KABA_DEME_SARA       0.9422 0.9422 0.9658 0.9411 0.7145 0.7886 0.9454 0.9290 0.9283 0.8221 0.7045 0.8480 0.7169 0.7420 0.7067 0.8030 0.7021 0.0000 0.7550 0.9428 0.9290 0.9444 0.7838 0.9290 0.9187 0.9305 0.9187 0.9552 0.9422 0.9532 0.9312 0.9459 0.9513 0.9439 0.6984 0.9290 0.7651 0.7832 0.7645 0.9290 0.7939 0.9399 0.9211 0.9540 0.9305 0.8994 0.9544 0.9411 0.8879
KABBA                0.9267 0.9399 0.9386 0.9251 0.5514 0.8122 0.9312 0.9393 0.9113 0.7945 0.6431 0.8706 0.7002 0.6650 0.5117 0.6926 0.7043 0.7550 0.0000 0.9275 0.9393 0.9298 0.7208 0.9393 0.9658 0.9275 0.9283 0.9411 0.9527 0.9643 0.9283 0.9439 0.9394 0.9661 0.4947 0.9393 0.8022 0.8382 0.6653 0.9259 0.8286 0.9373 0.9178 0.9123 0.9405 0.9091 0.9133 0.9251 0.8674
KALIKO_3             0.6974 0.6761 0.5413 0.3916 0.9393 0.9177 0.9275 0.7136 0.9058 0.8694 0.9197 0.9503 0.9080 0.9626 0.9243 0.9470 0.9144 0.9428 0.9275 0.0000 0.7538 0.4293 0.9527 0.7538 0.8809 0.5653 0.6431 0.5477 0.7381 0.7043 0.6650 0.9017 0.9584 0.9113 0.9366 0.7340 0.9393 0.9498 0.9754 0.7136 0.9664 0.6046 0.6596 0.4353 0.7021 0.9623 0.5040 0.7090 0.9207
KEDIRU               0.1649 0.2858 0.7211 0.7420 0.9102 0.8828 0.8982 0.2301 0.7211 0.8480 0.9177 0.9352 0.9058 0.9476 0.9366 0.9607 0.9444 0.9290 0.9393 0.7538 0.0000 0.6431 0.9518 0.0989 0.8779 0.5496 0.5313 0.6311 0.5137 0.5974 0.6075 0.8852 0.9241 0.9091 0.9352 0.1448 0.9102 0.9487 0.9750 0.4442 0.9411 0.5626 0.5037 0.7043 0.4947 0.9470 0.7695 0.2923 0.9033
KELIKO               0.5800 0.5554 0.5397 0.5653 0.9283 0.9207 0.8904 0.5970 0.8316 0.8584 0.9225 0.9518 0.9113 0.9503 0.9399 0.9344 0.9177 0.9444 0.9298 0.4293 0.6431 0.0000 0.9417 0.6431 0.8403 0.4857 0.4397 0.2105 0.6037 0.7181 0.5936 0.8641 0.9490 0.8722 0.9386 0.6431 0.9283 0.9102 0.9760 0.7067 0.9318 0.4038 0.5441 0.5217 0.5123 0.9633 0.5554 0.6141 0.8945
KENGA                0.9393 0.9393 0.9513 0.9513 0.6125 0.8439 0.9178 0.9386 0.9102 0.7729 0.7420 0.8538 0.7531 0.8148 0.7599 0.7090 0.7420 0.7838 0.7208 0.9527 0.9518 0.9417 0.0000 0.9518 0.9532 0.9399 0.9405 0.9532 0.9393 0.9508 0.9405 0.9187 0.9172 0.9411 0.7711 0.9518 0.8609 0.8361 0.6596 0.9518 0.8687 0.9366 0.9298 0.9386 0.9399 0.9080 0.9259 0.9380 0.8500
LAKAMADI             0.2473 0.2858 0.7211 0.7420 0.9102 0.8828 0.8982 0.2301 0.7420 0.8480 0.9177 0.9493 0.9207 0.9476 0.9366 0.9607 0.9444 0.9290 0.9393 0.7538 0.0989 0.6431 0.9518 0.0000 0.8622 0.5496 0.5576 0.6311 0.5413 0.6229 0.6311 0.8994 0.9241 0.9091 0.9352 0.1448 0.9102 0.9487 0.9750 0.3789 0.9411 0.5626 0.5300 0.7043 0.5227 0.9470 0.7695 0.3656 0.8875
LENDU                0.8639 0.8794 0.9069 0.9069 0.9652 0.9481 0.9017 0.8622 0.9359 0.9033 0.9493 0.9768 0.9640 0.9630 0.9518 0.9619 0.9611 0.9187 0.9658 0.8809 0.8779 0.8403 0.9532 0.8622 0.0000 0.8500 0.8361 0.8824 0.8639 0.9058 0.8520 0.9161 0.9373 0.8690 0.9640 0.8779 0.9133 0.9225 0.9756 0.8779 0.9305 0.8730 0.8722 0.8779 0.8500 0.9762 0.8945 0.8603 0.8918
LOGO                 0.4757 0.4757 0.6422 0.5936 0.9123 0.8694 0.9142 0.5227 0.8417 0.8524 0.9197 0.9503 0.9080 0.9487 0.9380 0.9615 0.9144 0.9305 0.9275 0.5653 0.5496 0.4857 0.9399 0.5496 0.8500 0.0000 0.5728 0.5217 0.6075 0.6823 0.5970 0.9017 0.9367 0.9113 0.9366 0.5496 0.9259 0.9359 0.9754 0.6482 0.9298 0.5238 0.5701 0.5756 0.5901 0.9623 0.6974 0.5413 0.8747
LOKAI                0.5130 0.5901 0.6482 0.6708 0.9267 0.8875 0.9017 0.5313 0.7915 0.8372 0.9207 0.9373 0.9091 0.9493 0.9386 0.9328 0.9155 0.9187 0.9283 0.6431 0.5313 0.4397 0.9405 0.5576 0.8361 0.5728 0.0000 0.4764 0.4268 0.5680 0.3880 0.8752 0.9373 0.8982 0.9373 0.5313 0.8994 0.9080 0.9756 0.6761 0.9178 0.5044 0.5771 0.6311 0.1574 0.9487 0.5901 0.5496 0.8918
LUGBARA              0.5901 0.5653 0.4656 0.6007 0.9267 0.9336 0.9017 0.5830 0.8269 0.8712 0.9352 0.9508 0.9234 0.9630 0.9518 0.9476 0.9312 0.9552 0.9411 0.5477 0.6311 0.2105 0.9532 0.6311 0.8824 0.5217 0.4764 0.0000 0.5901 0.7090 0.6488 0.8892 0.9588 0.9123 0.9508 0.6311 0.9267 0.9080 0.9894 0.7381 0.9305 0.3789 0.5288 0.5313 0.5217 0.9626 0.5901 0.6249 0.9216
LULUBA               0.5496 0.6007 0.7043 0.7461 0.9386 0.9008 0.8994 0.5137 0.7852 0.8502 0.9336 0.9498 0.9498 0.9623 0.9508 0.9611 0.9603 0.9422 0.9527 0.7381 0.5137 0.6037 0.9393 0.5413 0.8639 0.6075 0.4268 0.5901 0.0000 0.2923 0.5130 0.8866 0.9362 0.9102 0.9498 0.4850 0.9386 0.9493 0.9752 0.6653 0.9540 0.5708 0.6101 0.6653 0.3158 0.9619 0.6926 0.5600 0.8890
LULUBO_OLUBO         0.6296 0.6537 0.6656 0.7116 0.9503 0.9133 0.9243 0.5974 0.8323 0.8794 0.9463 0.9481 0.9623 0.9754 0.9630 0.9598 0.9589 0.9532 0.9643 0.7043 0.5974 0.7181 0.9508 0.6229 0.9058 0.6823 0.5680 0.7090 0.2923 0.0000 0.5413 0.9113 0.9459 0.9359 0.9623 0.5708 0.9366 0.9619 0.9746 0.6476 0.9652 0.7015 0.7021 0.6476 0.4749 0.9607 0.6769 0.6413 0.9166
MAADI                0.5653 0.6596 0.6249 0.6708 0.9399 0.8875 0.9152 0.6075 0.8269 0.8193 0.9207 0.9508 0.9234 0.9493 0.9386 0.9619 0.9312 0.9312 0.9283 0.6650 0.6075 0.5936 0.9405 0.6311 0.8520 0.5970 0.3880 0.6488 0.5130 0.5413 0.0000 0.8892 0.9373 0.9123 0.9373 0.5830 0.9133 0.8932 0.9756 0.6311 0.9049 0.6360 0.6439 0.6311 0.4376 0.9626 0.6372 0.5756 0.8763
MAMVU                0.8866 0.8722 0.9393 0.9259 0.9178 0.9091 0.5496 0.8557 0.8838 0.9091 0.9386 0.9275 0.9142 0.9518 0.9417 0.9080 0.9207 0.9459 0.9439 0.9017 0.8852 0.8641 0.9187 0.8994 0.9161 0.9017 0.8752 0.8892 0.8866 0.9113 0.8892 0.0000 0.9294 0.6596 0.9405 0.8852 0.9305 0.9133 0.9216 0.8994 0.9338 0.8958 0.8928 0.9267 0.8737 0.9380 0.9142 0.8838 0.9259
MANGBETU_2           0.9362 0.9362 0.9683 0.9574 0.9384 0.9564 0.9498 0.9356 0.9574 0.9449 0.9571 0.9581 0.9473 0.9459 0.9262 0.9444 0.9552 0.9513 0.9394 0.9584 0.9241 0.9490 0.9172 0.9241 0.9373 0.9367 0.9373 0.9588 0.9362 0.9459 0.9373 0.9294 0.0000 0.9157 0.9248 0.9241 0.9696 0.9685 0.9556 0.9356 0.9608 0.9454 0.9494 0.9468 0.9367 0.9787 0.9581 0.9350 0.9574
MANGBUTU             0.8958 0.8809 0.9637 0.9503 0.9405 0.9197 0.7129 0.8794 0.9080 0.9197 0.9498 0.9894 0.9380 0.9633 0.9523 0.9481 0.9320 0.9439 0.9661 0.9113 0.9091 0.8722 0.9411 0.9091 0.8690 0.9113 0.8982 0.9123 0.9102 0.9359 0.9123 0.6596 0.9157 0.0000 0.9643 0.8945 0.9275 0.9234 0.9476 0.9091 0.9433 0.9207 0.9283 0.9373 0.8970 0.9630 0.9243 0.8932 0.9225
MANGO                0.9359 0.9359 0.9487 0.9344 0.5800 0.7750 0.9399 0.9352 0.9046 0.7750 0.5518 0.8603 0.6926 0.5518 0.2947 0.7067 0.6962 0.6984 0.4947 0.9366 0.9352 0.9386 0.7711 0.9352 0.9640 0.9366 0.9373 0.9508 0.9498 0.9623 0.9373 0.9405 0.9248 0.9643 0.0000 0.9352 0.8030 0.8245 0.7015 0.9207 0.8156 0.9328 0.9259 0.9207 0.9503 0.9021 0.9216 0.9344 0.8565
MIZA                 0.2858 0.3579 0.7420 0.7211 0.9102 0.8657 0.8982 0.2301 0.7420 0.8480 0.9177 0.9493 0.9207 0.9476 0.9366 0.9607 0.9285 0.9290 0.9393 0.7340 0.1448 0.6431 0.9518 0.1448 0.8779 0.5496 0.5313 0.6311 0.4850 0.5708 0.5830 0.8852 0.9241 0.8945 0.9352 0.0000 0.9102 0.9487 0.9750 0.4442 0.9536 0.5898 0.5554 0.6823 0.4947 0.9470 0.7500 0.3656 0.8875
MODO                 0.9251 0.9251 0.9373 0.9234 0.7803 0.6875 0.9170 0.9102 0.9091 0.7500 0.8122 0.8970 0.8520 0.7945 0.8082 0.8219 0.8166 0.7651 0.8022 0.9393 0.9102 0.9283 0.8609 0.9102 0.9133 0.9259 0.8994 0.9267 0.9386 0.9366 0.9133 0.9305 0.9696 0.9275 0.8030 0.9102 0.0000 0.5217 0.8372 0.9102 0.5266 0.9359 0.9161 0.9243 0.9123 0.9069 0.9386 0.9234 0.8794
MOROKODO             0.9352 0.9207 0.9336 0.9336 0.8002 0.7290 0.8982 0.9197 0.9187 0.7506 0.8166 0.9058 0.8584 0.7979 0.8293 0.8080 0.8596 0.7832 0.8382 0.9498 0.9487 0.9102 0.8361 0.9487 0.9225 0.9359 0.9080 0.9080 0.9493 0.9619 0.8932 0.9133 0.9685 0.9234 0.8245 0.9487 0.5217 0.0000 0.8434 0.9487 0.5117 0.9166 0.8970 0.9344 0.9216 0.9166 0.9493 0.9336 0.8875
MOROM                0.9752 0.9752 0.9894 0.9748 0.6046 0.8127 0.9207 0.9750 0.9444 0.8127 0.7329 0.8637 0.7015 0.7329 0.7116 0.4832 0.7067 0.7645 0.6653 0.9754 0.9750 0.9760 0.6596 0.9750 0.9756 0.9754 0.9756 0.9894 0.9752 0.9746 0.9756 0.9216 0.9556 0.9476 0.7015 0.9750 0.8372 0.8434 0.0000 0.9451 0.8480 0.9744 0.9626 0.9603 0.9754 0.8920 0.9607 0.9748 0.8777
MORU_3               0.4551 0.4850 0.6994 0.7211 0.8958 0.8828 0.8838 0.5044 0.8009 0.8657 0.9021 0.9493 0.9058 0.9476 0.9225 0.9457 0.9121 0.9290 0.9259 0.7136 0.4442 0.7067 0.9518 0.3789 0.8779 0.6482 0.6761 0.7381 0.6653 0.6476 0.6311 0.8994 0.9356 0.9091 0.9207 0.4442 0.9102 0.9487 0.9451 0.0000 0.9536 0.6890 0.6488 0.7043 0.6482 0.9470 0.7695 0.4644 0.8544
NYAMUSA_MOLO         0.9417 0.9417 0.9532 0.9532 0.8095 0.7679 0.9331 0.9536 0.9275 0.8030 0.8245 0.9161 0.8609 0.8245 0.8201 0.8339 0.8622 0.7939 0.8286 0.9664 0.9411 0.9318 0.8687 0.9411 0.9305 0.9298 0.9178 0.9305 0.9540 0.9652 0.9049 0.9338 0.9608 0.9433 0.8156 0.9536 0.5266 0.5117 0.8480 0.9536 0.0000 0.9259 0.9079 0.9536 0.9298 0.9259 0.9540 0.9532 0.9006
OJIGA                0.5432 0.5145 0.5820 0.6347 0.9069 0.9285 0.8945 0.5626 0.8298 0.8410 0.9144 0.9476 0.9021 0.9457 0.9344 0.9437 0.9255 0.9399 0.9373 0.6046 0.5626 0.4038 0.9366 0.5626 0.8730 0.5238 0.5044 0.3789 0.5708 0.7015 0.6360 0.8958 0.9454 0.9207 0.9328 0.5898 0.9359 0.9166 0.9744 0.6890 0.9259 0.0000 0.3836 0.5898 0.5518 0.9603 0.6714 0.5820 0.8828
OJILA                0.4293 0.4293 0.6431 0.6431 0.9028 0.9216 0.9049 0.5037 0.8173 0.8603 0.9091 0.9393 0.8982 0.9373 0.9275 0.9493 0.9481 0.9211 0.9178 0.6596 0.5037 0.5441 0.9298 0.5300 0.8722 0.5701 0.5771 0.5288 0.6101 0.7021 0.6439 0.8928 0.9494 0.9283 0.9259 0.5554 0.9161 0.8970 0.9626 0.6488 0.9079 0.3836 0.0000 0.6702 0.5459 0.9503 0.7345 0.4947 0.9102
OMI_2                0.6653 0.7090 0.4947 0.5238 0.9102 0.9155 0.9259 0.6596 0.8875 0.8480 0.9177 0.9493 0.9207 0.9328 0.9225 0.9303 0.9121 0.9540 0.9123 0.4353 0.7043 0.5217 0.9386 0.7043 0.8779 0.5756 0.6311 0.5313 0.6653 0.6476 0.6311 0.9267 0.9468 0.9373 0.9207 0.6823 0.9243 0.9344 0.9603 0.7043 0.9536 0.5898 0.6702 0.0000 0.6482 0.9615 0.5680 0.6769 0.9187
PANDIKERI            0.4757 0.5576 0.6875 0.7090 0.9393 0.9021 0.9006 0.4947 0.7695 0.8524 0.9344 0.9503 0.9366 0.9626 0.9513 0.9470 0.9457 0.9305 0.9405 0.7021 0.4947 0.5123 0.9399 0.5227 0.8500 0.5901 0.1574 0.5217 0.3158 0.4749 0.4376 0.8737 0.9367 0.8970 0.9503 0.4947 0.9123 0.9216 0.9754 0.6482 0.9298 0.5518 0.5459 0.6482 0.0000 0.9623 0.6540 0.5137 0.9058
SINYAR               0.9619 0.9619 0.9611 0.9611 0.8918 0.8777 0.9373 0.9470 0.9312 0.8951 0.9144 0.7585 0.8860 0.8980 0.9046 0.8758 0.8720 0.8994 0.9091 0.9623 0.9470 0.9633 0.9080 0.9470 0.9762 0.9623 0.9487 0.9626 0.9619 0.9607 0.9626 0.9380 0.9787 0.9630 0.9021 0.9470 0.9069 0.9166 0.8920 0.9470 0.9259 0.9603 0.9503 0.9615 0.9623 0.0000 0.9619 0.9463 0.8994
SOUTHERN_MAADI_2     0.7340 0.7538 0.5863 0.6116 0.9251 0.9320 0.9399 0.7299 0.9197 0.8844 0.9187 0.9498 0.8918 0.9623 0.9234 0.9463 0.9133 0.9544 0.9133 0.5040 0.7695 0.5554 0.9259 0.7695 0.8945 0.6974 0.5901 0.5901 0.6926 0.6769 0.6372 0.9142 0.9581 0.9243 0.9216 0.7500 0.9386 0.9493 0.9607 0.7695 0.9540 0.6714 0.7345 0.5680 0.6540 0.9619 0.0000 0.7255 0.9197
WADI                 0.1884 0.3789 0.6943 0.7164 0.9091 0.8980 0.8824 0.3656 0.7979 0.8272 0.9166 0.9344 0.9046 0.9470 0.9359 0.9603 0.9437 0.9411 0.9251 0.7090 0.2923 0.6141 0.9380 0.3656 0.8603 0.5413 0.5496 0.6249 0.5600 0.6413 0.5756 0.8838 0.9350 0.8932 0.9344 0.3656 0.9234 0.9336 0.9748 0.4644 0.9532 0.5820 0.4947 0.6769 0.5137 0.9463 0.7255 0.0000 0.8860
YULU                 0.8890 0.9046 0.9328 0.9328 0.8480 0.7881 0.9113 0.9033 0.8348 0.7676 0.8502 0.8730 0.8565 0.8323 0.8603 0.8617 0.8574 0.8879 0.8674 0.9207 0.9033 0.8945 0.8500 0.8875 0.8918 0.8747 0.8918 0.9216 0.8890 0.9166 0.8763 0.9259 0.9574 0.9225 0.8565 0.8875 0.8794 0.8875 0.8777 0.8544 0.9006 0.8828 0.9102 0.9187 0.9058 0.8994 0.9197 0.8860 0.0000
