 38
BUNU                   0.0000 0.8200 0.7563 0.8501 0.5260 0.7124 0.8454 0.8148 0.8217 0.8056 0.7842 0.8374 0.8182 0.7890 0.6679 0.6857 0.7536 0.6679 0.8182 0.7815 0.7866 0.7507 0.7481 0.7049 0.8087 0.7347 0.7624 0.7748 0.8015 0.7744 0.8701 0.7049 0.8052 0.7955 0.7337 0.8148 0.8200 0.7013
CHANGPING_BIAO_MON     0.8200 0.0000 0.7718 0.5844 0.7662 0.7993 0.5822 0.6234 0.5649 0.7710 0.8038 0.5372 0.5887 0.8431 0.8222 0.7948 0.8200 0.7358 0.8526 0.7818 0.8061 0.7305 0.7273 0.7358 0.7273 0.7976 0.7971 0.8076 0.6726 0.7924 0.5867 0.8056 0.8388 0.8144 0.7664 0.5500 0.8584 0.7738
CHENHU_SHE             0.7563 0.7718 0.0000 0.7347 0.7259 0.6787 0.7226 0.6827 0.7390 0.7744 0.4178 0.7570 0.6905 0.7570 0.7132 0.7273 0.6867 0.6132 0.7748 0.6976 0.4286 0.5518 0.4998 0.7426 0.6839 0.6875 0.3817 0.6942 0.5643 0.6857 0.7481 0.6721 0.7614 0.8131 0.6438 0.7860 0.7169 0.6449
CHIANGRAI_MIEN         0.8501 0.5844 0.7347 0.0000 0.7754 0.7589 0.2992 0.6183 0.7305 0.7815 0.8251 0.6126 0.4757 0.7976 0.7421 0.7860 0.8087 0.7662 0.8243 0.7589 0.8416 0.7301 0.7429 0.7662 0.7429 0.6980 0.8034 0.7375 0.6617 0.7838 0.2586 0.7182 0.8258 0.8466 0.7118 0.4329 0.8416 0.6976
DAHUA_BUNU             0.5260 0.7662 0.7259 0.7754 0.0000 0.7173 0.7948 0.7505 0.7979 0.8120 0.7942 0.8258 0.7552 0.7834 0.7150 0.6776 0.7529 0.4675 0.8349 0.7772 0.7961 0.6444 0.6571 0.6453 0.7619 0.7220 0.7605 0.7136 0.7231 0.7403 0.8032 0.7106 0.8111 0.8299 0.7356 0.7792 0.7961 0.6738
DANANSHAN_HMONG        0.7124 0.7993 0.6787 0.7589 0.7173 0.0000 0.7651 0.6898 0.7664 0.7290 0.7607 0.8015 0.7676 0.4065 0.4472 0.7358 0.7124 0.5270 0.7509 0.5541 0.7818 0.6761 0.6721 0.6591 0.6132 0.3776 0.7390 0.4316 0.6339 0.3862 0.7912 0.2984 0.7193 0.7912 0.5610 0.8113 0.7818 0.5317
DAPINGJIANG_MIEN       0.8454 0.5822 0.7226 0.2992 0.7948 0.7651 0.0000 0.5742 0.7169 0.8056 0.8182 0.5887 0.5414 0.8217 0.7842 0.7934 0.8165 0.7563 0.8326 0.7651 0.8359 0.7814 0.7481 0.7881 0.7150 0.7347 0.7955 0.7257 0.6438 0.8076 0.4301 0.7397 0.8340 0.8416 0.6976 0.3626 0.8513 0.7013
DAPING_MIEN            0.8148 0.6234 0.6827 0.6183 0.7505 0.6898 0.5742 0.0000 0.6512 0.7325 0.7255 0.5822 0.5578 0.8036 0.7449 0.7390 0.7509 0.6827 0.8165 0.7273 0.7481 0.6800 0.6382 0.7193 0.6942 0.6978 0.7051 0.6679 0.5510 0.6973 0.5780 0.6827 0.7881 0.8251 0.6339 0.6339 0.8015 0.6562
DONGSHAN_BIAO_MON      0.8217 0.5649 0.7390 0.7305 0.7979 0.7664 0.7169 0.6512 0.0000 0.7546 0.7481 0.6234 0.6815 0.8446 0.8061 0.7971 0.8056 0.7744 0.8538 0.8015 0.7514 0.7509 0.7305 0.7390 0.7815 0.7676 0.7449 0.8095 0.5395 0.7180 0.7054 0.7570 0.8402 0.8488 0.7511 0.6932 0.8260 0.7577
GUNDONG_PA_HNG         0.8056 0.7710 0.7744 0.7815 0.8120 0.7290 0.8056 0.7325 0.7546 0.0000 0.7681 0.7546 0.7205 0.7546 0.7681 0.7416 0.7169 0.7744 0.7912 0.7481 0.7710 0.7838 0.7815 0.7912 0.6745 0.7676 0.7993 0.7597 0.6973 0.7766 0.7818 0.7570 0.7934 0.7993 0.7511 0.8200 0.7514 0.7382
HAIFENG_SHE            0.7842 0.8038 0.4178 0.8251 0.7942 0.7607 0.8182 0.7255 0.7481 0.7681 0.0000 0.7481 0.7866 0.7874 0.7619 0.7924 0.6890 0.7511 0.8359 0.7792 0.1818 0.6701 0.6234 0.8036 0.7597 0.7792 0.3340 0.7890 0.7094 0.7514 0.8124 0.7692 0.8217 0.8295 0.7636 0.8163 0.6545 0.7710
HAINAN_KIM_MUN         0.8374 0.5372 0.7570 0.6126 0.8258 0.8015 0.5887 0.5822 0.6234 0.7546 0.7481 0.0000 0.4950 0.8446 0.8416 0.8144 0.8217 0.7912 0.8538 0.7842 0.7710 0.7676 0.7651 0.7912 0.7481 0.7838 0.7818 0.8095 0.6120 0.7948 0.5934 0.7912 0.8402 0.8488 0.7325 0.6290 0.8431 0.7577
HAININH_MIEN           0.8182 0.5887 0.6905 0.4757 0.7552 0.7676 0.5414 0.5578 0.6815 0.7205 0.7866 0.4950 0.0000 0.8388 0.7692 0.7624 0.7724 0.7426 0.8198 0.7337 0.7890 0.6517 0.6659 0.7426 0.7347 0.7047 0.7305 0.7453 0.5176 0.7239 0.4400 0.6905 0.8213 0.8131 0.6827 0.6234 0.8217 0.6656
HMONG_DAW              0.7890 0.8431 0.7570 0.7976 0.7834 0.4065 0.8217 0.8036 0.8446 0.7546 0.7874 0.8446 0.8388 0.0000 0.5285 0.8144 0.8056 0.7390 0.7912 0.6890 0.8083 0.7337 0.7305 0.7912 0.7305 0.4496 0.8328 0.5780 0.7718 0.5534 0.8328 0.4389 0.7597 0.8163 0.7511 0.8513 0.8260 0.6753
HMONG_NJUA             0.6679 0.8222 0.7132 0.7421 0.7150 0.4472 0.7842 0.7449 0.8061 0.7681 0.7619 0.8416 0.7692 0.5285 0.0000 0.6926 0.7290 0.6726 0.7692 0.6351 0.7848 0.6498 0.6656 0.7132 0.7421 0.5368 0.7382 0.6345 0.7481 0.5649 0.7948 0.4481 0.7541 0.7948 0.6846 0.7818 0.8038 0.6171
HMU                    0.6857 0.7948 0.7273 0.7860 0.6776 0.7358 0.7934 0.7390 0.7971 0.7416 0.7924 0.8144 0.7624 0.8144 0.6926 0.0000 0.7597 0.7088 0.7624 0.7169 0.7948 0.7397 0.7193 0.7088 0.7367 0.7724 0.7511 0.7305 0.7421 0.7449 0.7866 0.7273 0.7305 0.7511 0.5950 0.7912 0.8124 0.5934
HUANGLUO_BUNU          0.7536 0.8200 0.6867 0.8087 0.7529 0.7124 0.8165 0.7509 0.8056 0.7169 0.6890 0.8217 0.7724 0.8056 0.7290 0.7597 0.0000 0.7049 0.7563 0.7124 0.6932 0.7013 0.6800 0.7881 0.6617 0.7814 0.6701 0.7257 0.7367 0.7570 0.7955 0.7563 0.7426 0.7451 0.7509 0.8148 0.3862 0.7205
JINGCUN_BUNU           0.6679 0.7358 0.6132 0.7662 0.4675 0.5270 0.7563 0.6827 0.7744 0.7744 0.7511 0.7912 0.7426 0.7390 0.6726 0.7088 0.7049 0.0000 0.7748 0.6390 0.7718 0.6517 0.6282 0.5922 0.6474 0.6875 0.7305 0.5547 0.6078 0.6449 0.7815 0.6531 0.7453 0.7976 0.5578 0.7860 0.7718 0.5541
JIWEI_HMONG            0.8182 0.8526 0.7748 0.8243 0.8349 0.7509 0.8326 0.8165 0.8538 0.7912 0.8359 0.8538 0.8198 0.7912 0.7692 0.7624 0.7563 0.7748 0.0000 0.6181 0.8526 0.8120 0.7961 0.8198 0.7814 0.7979 0.8429 0.7288 0.8034 0.8095 0.8282 0.7748 0.1455 0.3817 0.7013 0.8592 0.8056 0.7421
LAYIPING_HMONG         0.7815 0.7818 0.6976 0.7589 0.7772 0.5541 0.7651 0.7273 0.8015 0.7481 0.7792 0.7842 0.7337 0.6890 0.6351 0.7169 0.7124 0.6390 0.6181 0.0000 0.7993 0.7118 0.6905 0.6787 0.6531 0.6761 0.7744 0.5100 0.7124 0.7132 0.7570 0.6390 0.5804 0.6398 0.5116 0.7955 0.7636 0.6061
LIANHUA_SHE            0.7866 0.8061 0.4286 0.8416 0.7961 0.7818 0.8359 0.7481 0.7514 0.7710 0.1818 0.7710 0.7890 0.8083 0.7848 0.7948 0.6932 0.7718 0.8526 0.7993 0.0000 0.6745 0.6288 0.8056 0.7792 0.7976 0.2737 0.8076 0.7325 0.7738 0.8312 0.7890 0.8388 0.8312 0.7842 0.8182 0.6600 0.7924
LIUXIANG_BUNU          0.7507 0.7305 0.5518 0.7301 0.6444 0.6761 0.7814 0.6800 0.7509 0.7838 0.6701 0.7676 0.6517 0.7337 0.6498 0.7397 0.7013 0.6517 0.8120 0.7118 0.6745 0.0000 0.3570 0.7213 0.6980 0.6505 0.6334 0.7243 0.6282 0.6636 0.7257 0.6330 0.7855 0.8340 0.7150 0.7792 0.7481 0.6827
LONGHUA_BUNU_2         0.7481 0.7273 0.4998 0.7429 0.6571 0.6721 0.7481 0.6382 0.7305 0.7815 0.6234 0.7651 0.6659 0.7305 0.6656 0.7193 0.6800 0.6282 0.7961 0.6905 0.6288 0.3570 0.0000 0.6474 0.6776 0.6813 0.5864 0.6875 0.6234 0.6591 0.7397 0.6474 0.7685 0.8182 0.6761 0.7614 0.7451 0.6390
NUMAO_BUNU             0.7049 0.7358 0.7426 0.7662 0.6453 0.6591 0.7881 0.7193 0.7390 0.7912 0.8036 0.7912 0.7426 0.7912 0.7132 0.7088 0.7881 0.5922 0.8198 0.6787 0.8056 0.7213 0.6474 0.0000 0.6659 0.7213 0.7815 0.6382 0.7049 0.7239 0.7815 0.6721 0.7922 0.8429 0.6022 0.7536 0.8526 0.5541
PA_HNG                 0.8087 0.7273 0.6839 0.7429 0.7619 0.6132 0.7150 0.6942 0.7815 0.6745 0.7597 0.7481 0.7347 0.7305 0.7421 0.7367 0.6617 0.6474 0.7814 0.6531 0.7792 0.6980 0.6776 0.6659 0.0000 0.6980 0.7397 0.6330 0.6429 0.7337 0.7563 0.6839 0.7685 0.7881 0.6575 0.7770 0.7624 0.6787
PHETCHABUN_HMONG       0.7347 0.7976 0.6875 0.6980 0.7220 0.3776 0.7347 0.6978 0.7676 0.7676 0.7792 0.7838 0.7047 0.4496 0.5368 0.7724 0.7814 0.6875 0.7979 0.6761 0.7976 0.6505 0.6813 0.7213 0.6980 0.0000 0.7589 0.5580 0.6659 0.4034 0.7426 0.1592 0.7708 0.8478 0.6234 0.8087 0.8131 0.5578
SHE_CHINA              0.7624 0.7971 0.3817 0.8034 0.7605 0.7390 0.7955 0.7051 0.7449 0.7993 0.3340 0.7818 0.7305 0.8328 0.7382 0.7511 0.6701 0.7305 0.8429 0.7744 0.2737 0.6334 0.5864 0.7815 0.7397 0.7589 0.0000 0.7676 0.6898 0.7481 0.7890 0.7481 0.8297 0.8217 0.7421 0.7934 0.6800 0.7481
SHIMENKAN_HMONG        0.7748 0.8076 0.6942 0.7375 0.7136 0.4316 0.7257 0.6679 0.8095 0.7597 0.7890 0.8095 0.7453 0.5780 0.6345 0.7305 0.7257 0.5547 0.7288 0.5100 0.8076 0.7243 0.6875 0.6382 0.6330 0.5580 0.7676 0.0000 0.6531 0.6070 0.7509 0.5320 0.6978 0.7676 0.4930 0.8034 0.7570 0.5116
SHUANGLONG_MIEN        0.8015 0.6726 0.5643 0.6617 0.7231 0.6339 0.6438 0.5510 0.5395 0.6973 0.7094 0.6120 0.5176 0.7718 0.7481 0.7421 0.7367 0.6078 0.8034 0.7124 0.7325 0.6282 0.6234 0.7049 0.6429 0.6659 0.6898 0.6531 0.0000 0.6178 0.6498 0.6285 0.7902 0.8267 0.6390 0.7509 0.7692 0.6398
SUYONG_HMONG           0.7744 0.7924 0.6857 0.7838 0.7403 0.3862 0.8076 0.6973 0.7180 0.7766 0.7514 0.7948 0.7239 0.5534 0.5649 0.7449 0.7570 0.6449 0.8095 0.7132 0.7738 0.6636 0.6591 0.7239 0.7337 0.4034 0.7481 0.6070 0.6178 0.0000 0.7664 0.2909 0.7792 0.8344 0.6345 0.8526 0.7924 0.5343
TAIPAN_MIEN            0.8701 0.5867 0.7481 0.2586 0.8032 0.7912 0.4301 0.5780 0.7054 0.7818 0.8124 0.5934 0.4400 0.8328 0.7948 0.7866 0.7955 0.7815 0.8282 0.7570 0.8312 0.7257 0.7397 0.7815 0.7563 0.7426 0.7890 0.7509 0.6498 0.7664 0.0000 0.7481 0.8148 0.8374 0.7051 0.5293 0.8144 0.7094
TAK_HMONG              0.7049 0.8056 0.6721 0.7182 0.7106 0.2984 0.7397 0.6827 0.7570 0.7570 0.7692 0.7912 0.6905 0.4389 0.4481 0.7273 0.7563 0.6531 0.7748 0.6390 0.7890 0.6330 0.6474 0.6721 0.6839 0.1592 0.7481 0.5320 0.6285 0.2909 0.7481 0.0000 0.7453 0.8282 0.5804 0.8165 0.8056 0.4767
WESTERN_XIANGXI_HMONG  0.8052 0.8388 0.7614 0.8258 0.8111 0.7193 0.8340 0.7881 0.8402 0.7934 0.8217 0.8402 0.8213 0.7597 0.7541 0.7305 0.7426 0.7453 0.1455 0.5804 0.8388 0.7855 0.7685 0.7922 0.7685 0.7708 0.8297 0.6978 0.7902 0.7792 0.8148 0.7453 0.0000 0.3927 0.6679 0.8603 0.7912 0.7088
XIANGXI_HMONG          0.7955 0.8144 0.8131 0.8466 0.8299 0.7912 0.8416 0.8251 0.8488 0.7993 0.8295 0.8488 0.8131 0.8163 0.7948 0.7511 0.7451 0.7976 0.3817 0.6398 0.8312 0.8340 0.8182 0.8429 0.7881 0.8478 0.8217 0.7676 0.8267 0.8344 0.8374 0.8282 0.3927 0.0000 0.7768 0.8402 0.7971 0.8015
YANGHAO_HMONG          0.7337 0.7664 0.6438 0.7118 0.7356 0.5610 0.6976 0.6339 0.7511 0.7511 0.7636 0.7325 0.6827 0.7511 0.6846 0.5950 0.7509 0.5578 0.7013 0.5116 0.7842 0.7150 0.6761 0.6022 0.6575 0.6234 0.7421 0.4930 0.6390 0.6345 0.7051 0.5804 0.6679 0.7768 0.0000 0.7651 0.8015 0.3659
YAO                    0.8148 0.5500 0.7860 0.4329 0.7792 0.8113 0.3626 0.6339 0.6932 0.8200 0.8163 0.6290 0.6234 0.8513 0.7818 0.7912 0.8148 0.7860 0.8592 0.7955 0.8182 0.7792 0.7614 0.7536 0.7770 0.8087 0.7934 0.8034 0.7509 0.8526 0.5293 0.8165 0.8603 0.8402 0.7651 0.0000 0.8653 0.7541
YOUNUO_BUNU            0.8200 0.8584 0.7169 0.8416 0.7961 0.7818 0.8513 0.8015 0.8260 0.7514 0.6545 0.8431 0.8217 0.8260 0.8038 0.8124 0.3862 0.7718 0.8056 0.7636 0.6600 0.7481 0.7451 0.8526 0.7624 0.8131 0.6800 0.7570 0.7692 0.7924 0.8144 0.8056 0.7912 0.7971 0.8015 0.8653 0.0000 0.7924
ZHENFENG_HMONG         0.7013 0.7738 0.6449 0.6976 0.6738 0.5317 0.7013 0.6562 0.7577 0.7382 0.7710 0.7577 0.6656 0.6753 0.6171 0.5934 0.7205 0.5541 0.7421 0.6061 0.7924 0.6827 0.6390 0.5541 0.6787 0.5578 0.7481 0.5116 0.6398 0.5343 0.7094 0.4767 0.7088 0.8015 0.3659 0.7541 0.7924 0.0000
