 32
AIOME             0.0000 0.9640 0.9506 0.9637 0.9640 0.9637 0.9637 0.9637 0.9519 0.9881 0.8145 0.9519 0.9640 0.9637 0.9628 0.9762 0.9510 0.9239 0.9510 0.9515 0.9762 0.9881 0.9643 0.9637 0.9213 0.9510 0.9640 0.9881 0.9654 0.9760 0.9762 0.9759
AKUKRAY           0.9640 0.0000 0.9185 0.9480 0.9486 0.9480 0.9480 0.9480 0.8768 0.9881 0.9231 0.9491 0.9486 0.7490 0.9746 0.9486 0.8735 0.8879 0.8893 0.7528 0.9621 0.9740 0.8920 0.9751 0.9457 0.6866 0.8592 0.9881 0.8679 0.8735 0.9486 0.9749
AMBAKICH          0.9506 0.9185 0.0000 0.4940 0.5321 0.4940 0.5231 0.4940 0.9617 0.9610 0.9354 0.9480 0.9614 0.9469 0.9742 0.9749 0.9610 0.9009 0.9324 0.9185 0.9749 0.9881 0.9617 0.9747 0.9595 0.9469 0.9332 0.9881 0.9631 0.9881 0.9614 0.9746
AMBAKICH_AGURANT  0.9637 0.9480 0.4940 0.0000 0.1647 0.0988 0.1446 0.0988 0.9753 0.9614 0.9628 0.9486 0.9617 0.9614 0.9881 0.9751 0.9475 0.9469 0.9475 0.9617 0.9751 0.9738 0.9753 0.9749 0.9742 0.9614 0.9617 0.9747 0.9634 0.9881 0.9751 0.9881
AMBAKICH_ARANGO   0.9640 0.9486 0.5321 0.1647 0.0000 0.1647 0.0741 0.1647 0.9754 0.9617 0.9631 0.9491 0.9621 0.9617 0.9881 0.9753 0.9480 0.9475 0.9480 0.9621 0.9753 0.9740 0.9754 0.9751 0.9744 0.9617 0.9621 0.9749 0.9637 0.9881 0.9753 0.9881
AMBAKICH_OMBOS    0.9637 0.9480 0.4940 0.0988 0.1647 0.0000 0.1446 0.0507 0.9753 0.9614 0.9628 0.9486 0.9617 0.9614 0.9881 0.9751 0.9475 0.9469 0.9475 0.9617 0.9751 0.9738 0.9753 0.9749 0.9742 0.9614 0.9617 0.9747 0.9634 0.9881 0.9751 0.9881
AMBAKICH_PANGIN   0.9637 0.9480 0.5231 0.1446 0.0741 0.1446 0.0000 0.1446 0.9753 0.9614 0.9628 0.9486 0.9617 0.9614 0.9881 0.9751 0.9475 0.9469 0.9475 0.9617 0.9751 0.9738 0.9753 0.9749 0.9742 0.9614 0.9617 0.9747 0.9634 0.9881 0.9751 0.9881
AMBAKICH_YAUT     0.9637 0.9480 0.4940 0.0988 0.1647 0.0507 0.1446 0.0000 0.9753 0.9614 0.9628 0.9486 0.9617 0.9614 0.9881 0.9751 0.9475 0.9469 0.9475 0.9617 0.9751 0.9738 0.9753 0.9749 0.9742 0.9614 0.9617 0.9747 0.9634 0.9881 0.9751 0.9881
ANDARUM           0.9519 0.8768 0.9617 0.9753 0.9754 0.9753 0.9753 0.9753 0.0000 0.9881 0.8959 0.9361 0.9354 0.8907 0.9747 0.9354 0.9058 0.8573 0.7905 0.8920 0.9354 0.9742 0.9222 0.9621 0.9316 0.8752 0.8768 0.9881 0.7905 0.8428 0.9354 0.9751
ANGORAM_2         0.9881 0.9881 0.9610 0.9614 0.9617 0.9614 0.9614 0.9614 0.9881 0.0000 0.9881 0.9881 0.9881 0.9881 0.9603 0.9881 0.9881 0.9881 0.9881 0.9881 0.9751 0.9439 0.9881 0.9881 0.9881 0.9881 0.9881 0.9881 0.9881 0.9881 0.9751 0.9610
ANOR_2            0.8145 0.9231 0.9354 0.9628 0.9631 0.9628 0.9628 0.9628 0.8959 0.9881 0.0000 0.9239 0.9231 0.9496 0.9480 0.9368 0.9222 0.8768 0.9361 0.8946 0.9368 0.9881 0.9101 0.9361 0.9034 0.9222 0.9090 0.9754 0.9271 0.9628 0.9231 0.9624
AWAR_3            0.9519 0.9491 0.9480 0.9486 0.9491 0.9486 0.9486 0.9486 0.9361 0.9881 0.9239 0.0000 0.6067 0.9621 0.9610 0.6965 0.7905 0.9480 0.8907 0.9069 0.7372 0.9451 0.8628 0.9486 0.9316 0.9347 0.8111 0.9751 0.8983 0.9486 0.7753 0.9340
BOSMAN            0.9640 0.9486 0.9614 0.9617 0.9621 0.9617 0.9617 0.9617 0.9354 0.9881 0.9231 0.6067 0.0000 0.9751 0.9746 0.6474 0.8057 0.9475 0.9195 0.9058 0.6241 0.9595 0.8920 0.9340 0.9308 0.9340 0.8259 0.9749 0.9111 0.9617 0.7528 0.9332
BRERI             0.9637 0.7490 0.9469 0.9614 0.9617 0.9614 0.9614 0.9614 0.8907 0.9881 0.9496 0.9621 0.9751 0.0000 0.9744 0.9617 0.9614 0.9022 0.9034 0.7490 0.9881 0.9590 0.9347 0.9749 0.9300 0.6352 0.9480 0.9881 0.9101 0.8879 0.9881 0.9747
CHAMBRI_4         0.9628 0.9746 0.9742 0.9881 0.9881 0.9881 0.9881 0.9881 0.9747 0.9603 0.9480 0.9610 0.9746 0.9744 0.0000 0.9881 0.9603 0.9742 0.9603 0.9463 0.9606 0.9254 0.9747 0.9744 0.9586 0.9603 0.9463 0.9599 0.9754 0.9744 0.9463 0.8817
GAMEI_2           0.9762 0.9486 0.9749 0.9751 0.9753 0.9751 0.9751 0.9751 0.9354 0.9881 0.9368 0.6965 0.6474 0.9617 0.9881 0.0000 0.8057 0.9614 0.9046 0.9204 0.5220 0.9881 0.8449 0.9751 0.9603 0.9340 0.8084 0.9881 0.9111 0.9480 0.6699 0.9614
GIRI              0.9510 0.8735 0.9610 0.9475 0.9480 0.9475 0.9475 0.9475 0.9058 0.9881 0.9222 0.7905 0.8057 0.9614 0.9603 0.8057 0.0000 0.9175 0.8879 0.9195 0.8573 0.9881 0.7905 0.9749 0.9451 0.9332 0.6644 0.9881 0.8959 0.9332 0.8573 0.9747
GOROVU_2          0.9239 0.8879 0.9009 0.9469 0.9475 0.9469 0.9469 0.9469 0.8573 0.9881 0.8768 0.9480 0.9475 0.9022 0.9742 0.9614 0.9175 0.0000 0.9175 0.8718 0.9614 0.9881 0.9340 0.9324 0.9291 0.9022 0.9185 0.9881 0.9090 0.9469 0.9475 0.9881
IGOM              0.9510 0.8893 0.9324 0.9475 0.9480 0.9475 0.9475 0.9475 0.7905 0.9881 0.9361 0.8907 0.9195 0.9034 0.9603 0.9046 0.8879 0.9175 0.0000 0.8893 0.8893 0.9590 0.8752 0.9749 0.9451 0.8718 0.8735 0.9747 0.7297 0.8028 0.9340 0.9469
ITUTANG           0.9515 0.7528 0.9185 0.9617 0.9621 0.9617 0.9617 0.9617 0.8920 0.9881 0.8946 0.9069 0.9058 0.7490 0.9463 0.9204 0.9195 0.8718 0.8893 0.0000 0.9347 0.9740 0.8920 0.9480 0.9154 0.7289 0.8752 0.9881 0.8827 0.8573 0.9058 0.9614
KAIAN_2           0.9762 0.9621 0.9749 0.9751 0.9753 0.9751 0.9751 0.9751 0.9354 0.9751 0.9368 0.7372 0.6241 0.9881 0.9606 0.5220 0.8573 0.9614 0.8893 0.9347 0.0000 0.9595 0.8920 0.9480 0.9603 0.9195 0.8428 0.9749 0.8971 0.9617 0.6474 0.9475
KOPAR_2           0.9881 0.9740 0.9881 0.9738 0.9740 0.9738 0.9738 0.9738 0.9742 0.9439 0.9881 0.9451 0.9595 0.9590 0.9254 0.9881 0.9881 0.9881 0.9590 0.9740 0.9595 0.0000 0.9742 0.9738 0.9881 0.9590 0.9881 0.9586 0.9749 0.9738 0.9740 0.8940
MIKAREW           0.9643 0.8920 0.9617 0.9753 0.9754 0.9753 0.9753 0.9753 0.9222 0.9881 0.9101 0.8628 0.8920 0.9347 0.9747 0.8449 0.7905 0.9340 0.8752 0.8920 0.8920 0.9742 0.0000 0.9621 0.9316 0.8592 0.7372 0.9881 0.9256 0.9058 0.8768 0.9751
MURIK_3           0.9637 0.9751 0.9747 0.9749 0.9751 0.9749 0.9749 0.9749 0.9621 0.9881 0.9361 0.9486 0.9340 0.9749 0.9744 0.9751 0.9749 0.9324 0.9749 0.9480 0.9480 0.9738 0.9621 0.0000 0.9451 0.9475 0.9617 0.9881 0.9759 0.9881 0.9480 0.9881
RAO_3             0.9213 0.9457 0.9595 0.9742 0.9744 0.9742 0.9742 0.9742 0.9316 0.9881 0.9034 0.9316 0.9308 0.9300 0.9586 0.9603 0.9451 0.9291 0.9451 0.9154 0.9603 0.9881 0.9316 0.9451 0.0000 0.9144 0.9308 0.9881 0.9621 0.9599 0.9603 0.9740
ROMKUN            0.9510 0.6866 0.9469 0.9614 0.9617 0.9614 0.9614 0.9614 0.8752 0.9881 0.9222 0.9347 0.9340 0.6352 0.9603 0.9340 0.9332 0.9022 0.8718 0.7289 0.9195 0.9590 0.8592 0.9475 0.9144 0.0000 0.8893 0.9881 0.8813 0.8879 0.9195 0.9747
SEPEN             0.9640 0.8592 0.9332 0.9617 0.9621 0.9617 0.9617 0.9617 0.8768 0.9881 0.9090 0.8111 0.8259 0.9480 0.9463 0.8084 0.6644 0.9185 0.8735 0.8752 0.8428 0.9881 0.7372 0.9617 0.9308 0.8893 0.0000 0.9881 0.8827 0.9195 0.8084 0.9749
TABRIAK_3         0.9881 0.9881 0.9881 0.9747 0.9749 0.9747 0.9747 0.9747 0.9881 0.9881 0.9754 0.9751 0.9749 0.9881 0.9599 0.9881 0.9881 0.9881 0.9747 0.9881 0.9749 0.9586 0.9881 0.9881 0.9881 0.9881 0.9881 0.0000 0.9631 0.9881 0.9881 0.9165
TANGU             0.9654 0.8679 0.9631 0.9634 0.9637 0.9634 0.9634 0.9634 0.7905 0.9881 0.9271 0.8983 0.9111 0.9101 0.9754 0.9111 0.8959 0.9090 0.7297 0.8827 0.8971 0.9749 0.9256 0.9759 0.9621 0.8813 0.8827 0.9631 0.0000 0.8350 0.9510 0.9631
TANGUAT           0.9760 0.8735 0.9881 0.9881 0.9881 0.9881 0.9881 0.9881 0.8428 0.9881 0.9628 0.9486 0.9617 0.8879 0.9744 0.9480 0.9332 0.9469 0.8028 0.8573 0.9617 0.9738 0.9058 0.9881 0.9599 0.8879 0.9195 0.9881 0.8350 0.0000 0.9617 0.9747
WATAM_2           0.9762 0.9486 0.9614 0.9751 0.9753 0.9751 0.9751 0.9751 0.9354 0.9751 0.9231 0.7753 0.7528 0.9881 0.9463 0.6699 0.8573 0.9475 0.9340 0.9058 0.6474 0.9740 0.8768 0.9480 0.9603 0.9195 0.8084 0.9881 0.9510 0.9617 0.0000 0.9614
YIMAS_3           0.9759 0.9749 0.9746 0.9881 0.9881 0.9881 0.9881 0.9881 0.9751 0.9610 0.9624 0.9340 0.9332 0.9747 0.8817 0.9614 0.9747 0.9881 0.9469 0.9614 0.9475 0.8940 0.9751 0.9881 0.9740 0.9747 0.9749 0.9165 0.9631 0.9747 0.9614 0.0000
