 8
CHOROTE                0.0000 0.6241 0.8459 0.7613 0.8591 0.7717 0.7606 0.7763
CHOROTE_IYOWUJWA       0.6241 0.0000 0.8045 0.7921 0.8683 0.7586 0.7801 0.7985
MACA                   0.8459 0.8045 0.0000 0.8234 0.7801 0.8354 0.7869 0.8336
MATACO                 0.7613 0.7921 0.8234 0.0000 0.8723 0.5705 0.5369 0.5030
NIVACLE                0.8591 0.8683 0.7801 0.8723 0.0000 0.8673 0.8476 0.8488
WICHI_LHAMTES          0.7717 0.7586 0.8354 0.5705 0.8673 0.0000 0.5041 0.4589
WICHI_LHAMTES_GUISNAY  0.7606 0.7801 0.7869 0.5369 0.8476 0.5041 0.0000 0.4514
WICHI_LHAMTES_VEJOZ    0.7763 0.7985 0.8336 0.5030 0.8488 0.4589 0.4514 0.0000
