 45
ACHOLI               0.0000 0.1538 0.2314 0.3026 0.9391 0.7672 0.9644 0.9351 0.7845 0.8332 0.9644 0.5864 0.8666 0.9385 0.9343 0.9226 0.9441 0.9519 0.3683 0.9259 0.2471 0.9644 0.2824 0.9647 0.8962 0.9391 0.9105 0.9540 0.9391 0.9259 0.7148 0.9251 0.9391 0.9061 0.9473 0.4766 0.9233 0.7797 0.9391 0.9647 0.3163 0.9473 0.9243 0.9519 0.9282
ADHOLA               0.1538 0.0000 0.1839 0.2247 0.9358 0.7494 0.9628 0.9312 0.7457 0.8032 0.9628 0.5222 0.8577 0.9351 0.9304 0.9179 0.9414 0.9495 0.3365 0.9217 0.2022 0.9628 0.2416 0.9632 0.8897 0.9358 0.9050 0.9519 0.9358 0.9217 0.6702 0.9208 0.9358 0.9000 0.9442 0.4562 0.9195 0.7452 0.9358 0.9632 0.2416 0.9442 0.9199 0.9495 0.9243
ALUR                 0.2314 0.1839 0.0000 0.2636 0.9358 0.7688 0.9628 0.9461 0.7669 0.8212 0.9628 0.5492 0.8577 0.9351 0.9304 0.9179 0.9414 0.9495 0.3707 0.9217 0.2794 0.9628 0.2794 0.9632 0.8897 0.9495 0.9050 0.9519 0.9358 0.9217 0.6920 0.9208 0.9358 0.9158 0.9442 0.4264 0.9195 0.7638 0.9358 0.9632 0.3155 0.9442 0.9199 0.9495 0.9243
ANYUAK               0.3026 0.2247 0.2636 0.0000 0.9358 0.7292 0.9628 0.9312 0.7457 0.8032 0.9628 0.4943 0.8410 0.9351 0.9304 0.9179 0.9414 0.9495 0.4349 0.9217 0.3155 0.9628 0.3501 0.9632 0.8739 0.9358 0.9050 0.9519 0.9358 0.9217 0.6702 0.9208 0.9358 0.9000 0.9442 0.4264 0.9195 0.7259 0.9358 0.9632 0.2794 0.9442 0.9343 0.9495 0.9243
BARI_SUDAN           0.9391 0.9358 0.9358 0.9358 0.0000 0.9351 0.8632 0.9169 0.9455 0.9621 0.8473 0.9217 0.9490 0.2416 0.9461 0.8722 0.8909 0.1797 0.9073 0.8632 0.9365 0.8787 0.9365 0.8332 0.9208 0.2944 0.8596 0.9134 0.1379 0.8787 0.9358 0.7938 0.0941 0.9169 0.8265 0.9372 0.8955 0.9378 0.8473 0.8649 0.9365 0.8973 0.8755 0.8632 0.8375
BURUN                0.7672 0.7494 0.7688 0.7292 0.9351 0.0000 0.9490 0.9455 0.8787 0.8867 0.9625 0.8238 0.8032 0.9343 0.8973 0.9467 0.8884 0.9490 0.7688 0.8596 0.7531 0.9351 0.7531 0.9495 0.8882 0.9351 0.8722 0.8975 0.9351 0.8755 0.7877 0.9199 0.9351 0.9304 0.9277 0.7568 0.8932 0.8787 0.8755 0.9495 0.7130 0.9436 0.9038 0.9490 0.9635
CAMUS                0.9644 0.9628 0.9628 0.9628 0.8632 0.9490 0.0000 0.9467 0.9746 0.9755 0.6136 0.9495 0.9757 0.8614 0.9461 0.8387 0.9170 0.8632 0.9495 0.9084 0.9632 0.6806 0.9632 0.2734 0.9757 0.8632 0.9061 0.9267 0.8632 0.9226 0.9628 0.8771 0.8632 0.9320 0.4837 0.9635 0.9203 0.9638 0.9084 0.1149 0.9632 0.9136 0.9061 0.8309 0.8531
DATOOGA_DIALECT_3    0.9351 0.9312 0.9461 0.9312 0.9169 0.9455 0.9467 0.0000 0.9576 0.9449 0.9467 0.9461 0.9603 0.9158 0.8732 0.9594 0.8049 0.9169 0.9312 0.7778 0.9320 0.9467 0.9320 0.9473 0.9603 0.9169 0.8103 0.8452 0.9169 0.7778 0.9748 0.9000 0.9169 0.7767 0.9407 0.9473 0.7989 0.9479 0.7972 0.9473 0.9467 0.8498 0.7908 0.9467 0.9484
DINKA_SOUTHEASTERN   0.7845 0.7457 0.7669 0.7457 0.9455 0.8787 0.9746 0.9576 0.0000 0.4613 0.9746 0.7457 0.8787 0.9449 0.9571 0.9429 0.9635 0.9603 0.8265 0.9455 0.7707 0.9746 0.8291 0.9748 0.8958 0.9603 0.9286 0.9755 0.9455 0.9455 0.7669 0.9295 0.9455 0.9414 0.9726 0.8495 0.9397 0.5703 0.9455 0.9748 0.7707 0.9561 0.9442 0.9603 0.9473
DINKA_SOUTH_CENTRAL  0.8332 0.8032 0.8212 0.8032 0.9621 0.8867 0.9755 0.9449 0.4613 0.0000 0.9621 0.8032 0.9025 0.9618 0.9594 0.9748 0.9650 0.9755 0.8722 0.9484 0.8238 0.9755 0.8577 0.9757 0.9025 0.9621 0.9473 0.9510 0.9621 0.9621 0.7845 0.9479 0.9621 0.9599 0.9738 0.8596 0.9425 0.5309 0.9621 0.9757 0.8238 0.9586 0.9473 0.9755 0.9632
DONGOTONO            0.9644 0.9628 0.9628 0.9628 0.8473 0.9625 0.6136 0.9467 0.9746 0.9621 0.0000 0.9495 0.9757 0.8452 0.9461 0.8212 0.9041 0.8473 0.9495 0.9084 0.9632 0.5392 0.9632 0.5965 0.9885 0.8473 0.9061 0.9134 0.8473 0.9226 0.9628 0.7756 0.8473 0.9320 0.6528 0.9635 0.9203 0.9638 0.9084 0.5965 0.9632 0.9136 0.9061 0.7967 0.7879
GIUR                 0.5864 0.5222 0.5492 0.4943 0.9217 0.8238 0.9495 0.9461 0.7457 0.8032 0.9495 0.0000 0.8577 0.9208 0.9304 0.9025 0.9414 0.9358 0.6476 0.9073 0.5572 0.9495 0.6070 0.9500 0.9050 0.9358 0.9050 0.9391 0.9217 0.9217 0.7334 0.9061 0.9217 0.9158 0.9286 0.5649 0.9195 0.7452 0.9217 0.9500 0.5309 0.9442 0.9199 0.9358 0.9105
JUMJUM               0.8666 0.8577 0.8577 0.8410 0.9490 0.8032 0.9757 0.9603 0.8787 0.9025 0.9757 0.8577 0.0000 0.9484 0.9599 0.9467 0.9652 0.9625 0.8739 0.9490 0.8596 0.9757 0.8755 0.9758 0.5858 0.9625 0.9479 0.9514 0.9490 0.9490 0.8060 0.9199 0.9490 0.9746 0.9590 0.8614 0.9431 0.8787 0.9490 0.9758 0.8262 0.9885 0.9753 0.9490 0.9635
KAKWA                0.9385 0.9351 0.9351 0.9351 0.2416 0.9343 0.8614 0.9158 0.9449 0.9618 0.8452 0.9208 0.9484 0.0000 0.9455 0.8867 0.8897 0.2794 0.9208 0.8614 0.9358 0.8771 0.9358 0.8309 0.9484 0.3155 0.8577 0.9125 0.2794 0.8771 0.9208 0.7908 0.1609 0.9158 0.8238 0.9365 0.8944 0.9235 0.8452 0.8632 0.9217 0.8958 0.8739 0.8771 0.8512
KALENJIN             0.9343 0.9304 0.9304 0.9304 0.9461 0.8973 0.9461 0.8732 0.9571 0.9594 0.9461 0.9304 0.9599 0.9455 0.0000 0.9436 0.6032 0.9461 0.9455 0.6407 0.9461 0.9461 0.9312 0.9467 0.9744 0.9312 0.6009 0.7531 0.9461 0.5893 0.9603 0.9147 0.9461 0.8151 0.9399 0.9169 0.7797 0.9328 0.6650 0.9467 0.9312 0.7365 0.7009 0.9461 0.9479
KARIMOJONG           0.9226 0.9179 0.9179 0.9179 0.8722 0.9467 0.8387 0.9594 0.9429 0.9748 0.8212 0.9025 0.9467 0.8867 0.9436 0.0000 0.9267 0.8722 0.8867 0.9336 0.9189 0.7653 0.9336 0.8238 0.9750 0.8387 0.9320 0.9372 0.8722 0.9336 0.9328 0.6763 0.8722 0.9594 0.8151 0.9484 0.9170 0.9351 0.9336 0.8238 0.9189 0.9257 0.9320 0.3438 0.5036
KEIYO                0.9441 0.9414 0.9414 0.9414 0.8909 0.8884 0.9170 0.8049 0.9635 0.9650 0.9041 0.9414 0.9652 0.8897 0.6032 0.9267 0.0000 0.9041 0.9536 0.5348 0.9540 0.9297 0.9420 0.9179 0.9770 0.8773 0.5672 0.6683 0.9041 0.4859 0.9655 0.8759 0.8909 0.8214 0.9084 0.9304 0.6326 0.9548 0.5348 0.9179 0.9297 0.6136 0.4134 0.9170 0.9071
KUKU                 0.9519 0.9495 0.9495 0.9495 0.1797 0.9490 0.8632 0.9169 0.9603 0.9755 0.8473 0.9358 0.9625 0.2794 0.9461 0.8722 0.9041 0.0000 0.9217 0.8787 0.9500 0.8787 0.9500 0.8332 0.9351 0.3295 0.8755 0.9267 0.1379 0.8937 0.9495 0.8115 0.1797 0.9169 0.8265 0.9505 0.9080 0.9378 0.8632 0.8649 0.9500 0.9136 0.8910 0.8632 0.8375
KUMAN_UGANDA         0.3683 0.3365 0.3707 0.4349 0.9073 0.7688 0.9495 0.9312 0.8265 0.8722 0.9495 0.6476 0.8739 0.9208 0.9455 0.8867 0.9536 0.9217 0.0000 0.9217 0.3501 0.9495 0.4152 0.9500 0.9199 0.9073 0.9343 0.9519 0.9073 0.9358 0.7334 0.8910 0.9073 0.9158 0.9286 0.5649 0.9436 0.8493 0.9358 0.9500 0.4458 0.9594 0.9343 0.9217 0.9105
KUPSAPIINY           0.9259 0.9217 0.9217 0.9217 0.8632 0.8596 0.9084 0.7778 0.9455 0.9484 0.9084 0.9073 0.9490 0.8614 0.6407 0.9336 0.5348 0.8787 0.9217 0.0000 0.9226 0.9226 0.9226 0.9094 0.9757 0.8787 0.5492 0.6433 0.8787 0.4849 0.9358 0.8452 0.8632 0.7972 0.8973 0.9094 0.6251 0.9243 0.2944 0.9094 0.9084 0.6773 0.5222 0.9226 0.9115
LANGO                0.2471 0.2022 0.2794 0.3155 0.9365 0.7531 0.9632 0.9320 0.7707 0.8238 0.9632 0.5572 0.8596 0.9358 0.9461 0.9189 0.9540 0.9500 0.3501 0.9226 0.0000 0.9632 0.2579 0.9635 0.9061 0.9365 0.9208 0.9523 0.9365 0.9365 0.6968 0.9217 0.9365 0.9013 0.9449 0.4663 0.9323 0.7672 0.9365 0.9635 0.3631 0.9599 0.9351 0.9500 0.9251
LOKOYA               0.9644 0.9628 0.9628 0.9628 0.8787 0.9351 0.6806 0.9467 0.9746 0.9755 0.5392 0.9495 0.9757 0.8771 0.9461 0.7653 0.9297 0.8787 0.9495 0.9226 0.9632 0.0000 0.9632 0.6425 0.9885 0.8787 0.9208 0.9267 0.8787 0.9226 0.9628 0.8115 0.8787 0.9467 0.6773 0.9635 0.9203 0.9638 0.9226 0.6425 0.9632 0.9295 0.9208 0.7218 0.8049
LUO                  0.2824 0.2416 0.2794 0.3501 0.9365 0.7531 0.9632 0.9320 0.8291 0.8577 0.9632 0.6070 0.8755 0.9358 0.9312 0.9336 0.9420 0.9500 0.4152 0.9226 0.2579 0.9632 0.0000 0.9635 0.8910 0.9365 0.9061 0.9523 0.9365 0.9226 0.7375 0.9358 0.9365 0.9013 0.9449 0.4372 0.9203 0.8190 0.9365 0.9635 0.3631 0.9449 0.9208 0.9632 0.9385
MAASAI               0.9647 0.9632 0.9632 0.9632 0.8332 0.9495 0.2734 0.9473 0.9748 0.9757 0.5965 0.9500 0.9758 0.8309 0.9467 0.8238 0.9179 0.8332 0.9500 0.9094 0.9635 0.6425 0.9635 0.0000 0.9758 0.8332 0.9073 0.9275 0.8332 0.9235 0.9632 0.8632 0.8332 0.9328 0.4298 0.9638 0.9211 0.9641 0.9094 0.1757 0.9635 0.9147 0.9073 0.8166 0.8396
MABAAN               0.8962 0.8897 0.8897 0.8739 0.9208 0.8882 0.9757 0.9603 0.8958 0.9025 0.9885 0.9050 0.5858 0.9484 0.9744 0.9750 0.9770 0.9351 0.9199 0.9757 0.9061 0.9885 0.8910 0.9758 0.0000 0.9625 0.9618 0.9885 0.9208 0.9625 0.8897 0.9621 0.9351 0.9746 0.9590 0.8924 0.9548 0.9084 0.9757 0.9758 0.8755 0.9740 0.9753 0.9757 0.9761
MONDARI              0.9391 0.9358 0.9495 0.9358 0.2944 0.9351 0.8632 0.9169 0.9603 0.9621 0.8473 0.9358 0.9625 0.3155 0.9312 0.8387 0.8773 0.3295 0.9073 0.8787 0.9365 0.8787 0.9365 0.8332 0.9625 0.0000 0.8910 0.9267 0.2944 0.8937 0.9358 0.8115 0.2197 0.9013 0.8265 0.9505 0.9203 0.9510 0.8632 0.8649 0.9226 0.8973 0.8910 0.8309 0.8049
MOSIRO               0.9105 0.9050 0.9050 0.9050 0.8596 0.8722 0.9061 0.8103 0.9286 0.9473 0.9061 0.9050 0.9479 0.8577 0.6009 0.9320 0.5672 0.8755 0.9343 0.5492 0.9208 0.9208 0.9061 0.9073 0.9618 0.8910 0.0000 0.6950 0.8755 0.5492 0.9484 0.8577 0.8596 0.7499 0.8944 0.8924 0.6344 0.9226 0.5492 0.9073 0.8910 0.6396 0.5595 0.9208 0.9094
NANDI                0.9540 0.9519 0.9519 0.9519 0.9134 0.8975 0.9267 0.8452 0.9755 0.9510 0.9134 0.9391 0.9514 0.9125 0.7531 0.9372 0.6683 0.9267 0.9519 0.6433 0.9523 0.9267 0.9523 0.9275 0.9885 0.9267 0.6950 0.0000 0.9267 0.6218 0.9644 0.8699 0.9134 0.8614 0.9189 0.9403 0.7810 0.9409 0.6433 0.9275 0.9523 0.7653 0.6320 0.9267 0.9162
NGYEPU               0.9391 0.9358 0.9358 0.9358 0.1379 0.9351 0.8632 0.9169 0.9455 0.9621 0.8473 0.9217 0.9490 0.2794 0.9461 0.8722 0.9041 0.1379 0.9073 0.8787 0.9365 0.8787 0.9365 0.8332 0.9208 0.2944 0.8755 0.9267 0.0000 0.8937 0.9358 0.8115 0.1379 0.9169 0.8265 0.9372 0.9080 0.9378 0.8632 0.8649 0.9365 0.9136 0.8910 0.8632 0.8375
NORTH_TUGEN          0.9259 0.9217 0.9217 0.9217 0.8787 0.8755 0.9226 0.7778 0.9455 0.9621 0.9226 0.9217 0.9490 0.8771 0.5893 0.9336 0.4859 0.8937 0.9358 0.4849 0.9365 0.9226 0.9226 0.9235 0.9625 0.8937 0.5492 0.6218 0.8937 0.0000 0.9495 0.8286 0.8787 0.7579 0.9136 0.9094 0.5841 0.9378 0.3631 0.9235 0.9084 0.6528 0.4652 0.9226 0.9251
NUER                 0.7148 0.6702 0.6920 0.6702 0.9358 0.7877 0.9628 0.9748 0.7669 0.7845 0.9628 0.7334 0.8060 0.9208 0.9603 0.9328 0.9655 0.9495 0.7334 0.9358 0.6968 0.9628 0.7375 0.9632 0.8897 0.9358 0.9484 0.9644 0.9358 0.9495 0.0000 0.9208 0.9217 0.9607 0.9442 0.7788 0.9552 0.7452 0.9495 0.9632 0.6070 0.9742 0.9621 0.9495 0.9378
NYANGATOM_2          0.9251 0.9208 0.9208 0.9208 0.7938 0.9199 0.8771 0.9000 0.9295 0.9479 0.7756 0.9061 0.9199 0.7908 0.9147 0.6763 0.8759 0.8115 0.8910 0.8452 0.9217 0.8115 0.9358 0.8632 0.9621 0.8115 0.8577 0.8699 0.8115 0.8286 0.9208 0.0000 0.7756 0.9158 0.8610 0.9226 0.8402 0.9094 0.8452 0.8632 0.9073 0.8958 0.8739 0.6306 0.6482
NYANGGWARA           0.9391 0.9358 0.9358 0.9358 0.0941 0.9351 0.8632 0.9169 0.9455 0.9621 0.8473 0.9217 0.9490 0.1609 0.9461 0.8722 0.8909 0.1797 0.9073 0.8632 0.9365 0.8787 0.9365 0.8332 0.9351 0.2197 0.8596 0.9134 0.1379 0.8787 0.9217 0.7756 0.0000 0.9169 0.8265 0.9372 0.8955 0.9243 0.8473 0.8649 0.9226 0.8973 0.8755 0.8632 0.8375
OMOTIK               0.9061 0.9000 0.9158 0.9000 0.9169 0.9304 0.9320 0.7767 0.9414 0.9599 0.9320 0.9158 0.9746 0.9158 0.8151 0.9594 0.8214 0.9169 0.9158 0.7972 0.9013 0.9467 0.9013 0.9328 0.9746 0.9013 0.7499 0.8614 0.9169 0.7579 0.9607 0.9158 0.9169 0.0000 0.9237 0.9179 0.8744 0.9336 0.7579 0.9328 0.9169 0.7414 0.7908 0.9467 0.9343
ONGAMO               0.9473 0.9442 0.9442 0.9442 0.8265 0.9277 0.4837 0.9407 0.9726 0.9738 0.6528 0.9286 0.9590 0.8238 0.9399 0.8151 0.9084 0.8265 0.9286 0.8973 0.9449 0.6773 0.9449 0.4298 0.9590 0.8265 0.8944 0.9189 0.8265 0.9136 0.9442 0.8610 0.8265 0.9237 0.0000 0.9455 0.9259 0.9607 0.8973 0.4627 0.9449 0.9018 0.8944 0.8073 0.8341
PARI                 0.4766 0.4562 0.4264 0.4264 0.9372 0.7568 0.9635 0.9473 0.8495 0.8596 0.9635 0.5649 0.8614 0.9365 0.9169 0.9484 0.9304 0.9505 0.5649 0.9094 0.4663 0.9635 0.4372 0.9638 0.8924 0.9505 0.8924 0.9403 0.9372 0.9094 0.7788 0.9226 0.9372 0.9179 0.9455 0.0000 0.9090 0.8214 0.9235 0.9638 0.4663 0.9455 0.9358 0.9635 0.9519
POKOT                0.9233 0.9195 0.9195 0.9195 0.8955 0.8932 0.9203 0.7989 0.9397 0.9425 0.9203 0.9195 0.9431 0.8944 0.7797 0.9170 0.6326 0.9080 0.9436 0.6251 0.9323 0.9203 0.9203 0.9211 0.9548 0.9203 0.6344 0.7810 0.9080 0.5841 0.9552 0.8402 0.8955 0.8744 0.9259 0.9090 0.0000 0.9219 0.6251 0.9211 0.9080 0.7377 0.6542 0.9080 0.9226
REK                  0.7797 0.7452 0.7638 0.7259 0.9378 0.8787 0.9638 0.9479 0.5703 0.5309 0.9638 0.7452 0.8787 0.9235 0.9328 0.9351 0.9548 0.9378 0.8493 0.9243 0.7672 0.9638 0.8190 0.9641 0.9084 0.9510 0.9226 0.9409 0.9378 0.9378 0.7452 0.9094 0.9243 0.9336 0.9607 0.8214 0.9219 0.0000 0.9378 0.9641 0.7300 0.9607 0.9500 0.9510 0.9134
SABAOT               0.9391 0.9358 0.9358 0.9358 0.8473 0.8755 0.9084 0.7972 0.9455 0.9621 0.9084 0.9217 0.9490 0.8452 0.6650 0.9336 0.5348 0.8632 0.9358 0.2944 0.9365 0.9226 0.9365 0.9094 0.9757 0.8632 0.5492 0.6433 0.8632 0.3631 0.9495 0.8452 0.8473 0.7579 0.8973 0.9235 0.6251 0.9378 0.0000 0.9094 0.9226 0.6273 0.4652 0.9226 0.9115
SAMPUR               0.9647 0.9632 0.9632 0.9632 0.8649 0.9495 0.1149 0.9473 0.9748 0.9757 0.5965 0.9500 0.9758 0.8632 0.9467 0.8238 0.9179 0.8649 0.9500 0.9094 0.9635 0.6425 0.9635 0.1757 0.9758 0.8649 0.9073 0.9275 0.8649 0.9235 0.9632 0.8632 0.8649 0.9328 0.4627 0.9638 0.9211 0.9641 0.9094 0.0000 0.9635 0.9147 0.9073 0.8166 0.8396
SHILLUK              0.3163 0.2416 0.3155 0.2794 0.9365 0.7130 0.9632 0.9467 0.7707 0.8238 0.9632 0.5309 0.8262 0.9217 0.9312 0.9189 0.9297 0.9500 0.4458 0.9084 0.3631 0.9632 0.3631 0.9635 0.8755 0.9226 0.8910 0.9523 0.9365 0.9084 0.6070 0.9073 0.9226 0.9169 0.9449 0.4663 0.9080 0.7300 0.9226 0.9635 0.0000 0.9449 0.9208 0.9500 0.9251
SOGOO                0.9473 0.9442 0.9442 0.9442 0.8973 0.9436 0.9136 0.8498 0.9561 0.9586 0.9136 0.9442 0.9885 0.8958 0.7365 0.9257 0.6136 0.9136 0.9594 0.6773 0.9599 0.9295 0.9449 0.9147 0.9740 0.8973 0.6396 0.7653 0.9136 0.6528 0.9742 0.8958 0.8973 0.7414 0.9018 0.9455 0.7377 0.9607 0.6273 0.9147 0.9449 0.0000 0.5850 0.9136 0.9013
TERIK                0.9243 0.9199 0.9199 0.9343 0.8755 0.9038 0.9061 0.7908 0.9442 0.9473 0.9061 0.9199 0.9753 0.8739 0.7009 0.9320 0.4134 0.8910 0.9343 0.5222 0.9351 0.9208 0.9208 0.9073 0.9753 0.8910 0.5595 0.6320 0.8910 0.4652 0.9621 0.8739 0.8755 0.7908 0.8944 0.9358 0.6542 0.9500 0.4652 0.9073 0.9208 0.5850 0.0000 0.9208 0.9094
TESO                 0.9519 0.9495 0.9495 0.9495 0.8632 0.9490 0.8309 0.9467 0.9603 0.9755 0.7967 0.9358 0.9490 0.8771 0.9461 0.3438 0.9170 0.8632 0.9217 0.9226 0.9500 0.7218 0.9632 0.8166 0.9757 0.8309 0.9208 0.9267 0.8632 0.9226 0.9495 0.6306 0.8632 0.9467 0.8073 0.9635 0.9080 0.9510 0.9226 0.8166 0.9500 0.9136 0.9208 0.0000 0.5119
TURKANA              0.9282 0.9243 0.9243 0.9243 0.8375 0.9635 0.8531 0.9484 0.9473 0.9632 0.7879 0.9105 0.9635 0.8512 0.9479 0.5036 0.9071 0.8375 0.9105 0.9115 0.9251 0.8049 0.9385 0.8396 0.9761 0.8049 0.9094 0.9162 0.8375 0.9251 0.9378 0.6482 0.8375 0.9343 0.8341 0.9519 0.9226 0.9134 0.9115 0.8396 0.9251 0.9013 0.9094 0.5119 0.0000
