 27
AMAHUACA               0.0000 0.8520 0.5216 0.5025 0.5637 0.8712 0.5564 0.8816 0.8978 0.5042 0.5746 0.5587 0.5518 0.5746 0.5941 0.7412 0.4780 0.5708 0.6800 0.8574 0.6329 0.5390 0.5031 0.5409 0.8828 0.6167 0.4868
ARAONA                 0.8520 0.0000 0.8421 0.8446 0.9113 0.6182 0.8415 0.6225 0.6542 0.8863 0.8763 0.8775 0.8763 0.8763 0.8712 0.9128 0.8439 0.8852 0.9121 0.9342 0.8840 0.8403 0.8535 0.8694 0.4603 0.8712 0.8553
ARARA_PANO             0.5216 0.8421 0.0000 0.6390 0.6883 0.8467 0.6282 0.8890 0.9061 0.6766 0.6491 0.6544 0.6704 0.6491 0.4674 0.7183 0.4479 0.4674 0.6931 0.8810 0.5695 0.3936 0.4225 0.6741 0.8429 0.4372 0.2877
CAPANAHUA              0.5025 0.8446 0.6390 0.0000 0.6337 0.8489 0.4946 0.8725 0.8885 0.5355 0.5992 0.5842 0.5781 0.5992 0.6182 0.7197 0.5587 0.5968 0.6786 0.8485 0.5906 0.5680 0.5543 0.5021 0.8456 0.6591 0.5446
CASHIBO                0.5637 0.9113 0.6883 0.6337 0.0000 0.9061 0.6646 0.9325 0.9474 0.6491 0.5229 0.4777 0.5229 0.5229 0.6662 0.7538 0.6491 0.6883 0.7303 0.9128 0.7261 0.6833 0.6800 0.6694 0.9188 0.7502 0.6833
CAVINENA_1             0.8712 0.6182 0.8467 0.8489 0.9061 0.0000 0.8309 0.6766 0.6864 0.8640 0.8828 0.8840 0.8828 0.8828 0.8624 0.8326 0.8485 0.8925 0.8925 0.9307 0.8763 0.8448 0.8439 0.8885 0.5665 0.8624 0.8608
CHACOBO                0.5564 0.8415 0.6282 0.4946 0.6646 0.8309 0.0000 0.8840 0.8997 0.6125 0.6685 0.6730 0.6685 0.6685 0.6282 0.6934 0.5680 0.6491 0.6491 0.8608 0.6225 0.5540 0.5629 0.5958 0.8568 0.6891 0.5776
ESE_EJJA               0.8816 0.6225 0.8890 0.8725 0.9325 0.6766 0.8840 0.0000 0.4057 0.9051 0.9218 0.9224 0.9218 0.9218 0.9041 0.9051 0.9051 0.9041 0.9188 0.9442 0.9031 0.8878 0.8828 0.9121 0.6196 0.9041 0.9031
HUARAYO_ESE_EJJA       0.8978 0.6542 0.9061 0.8885 0.9474 0.6864 0.8997 0.4057 0.0000 0.8925 0.9096 0.9105 0.9096 0.9096 0.8914 0.9070 0.9211 0.9061 0.9342 0.9450 0.9051 0.9051 0.8988 0.9136 0.6547 0.9061 0.9196
HUARIAPANO             0.5042 0.8863 0.6766 0.5355 0.6491 0.8640 0.6125 0.9051 0.8925 0.0000 0.5637 0.5466 0.5390 0.5637 0.5842 0.7224 0.5912 0.5842 0.6320 0.8480 0.6259 0.5770 0.5842 0.4783 0.9061 0.6766 0.5770
KASHIBO_ALTO_AGUAYTIA  0.5746 0.8763 0.6491 0.5992 0.5229 0.8828 0.6685 0.9218 0.9096 0.5637 0.0000 0.0664 0.1298 0.0000 0.6271 0.7524 0.5390 0.6704 0.7109 0.8704 0.6654 0.6436 0.6441 0.5497 0.8803 0.7109 0.6436
KASHIBO_BAJO_AGUAYTIA  0.5587 0.8775 0.6544 0.5842 0.4777 0.8840 0.6730 0.9224 0.9105 0.5466 0.0664 0.0000 0.1482 0.0664 0.6106 0.7557 0.5466 0.6753 0.7150 0.8720 0.6704 0.6491 0.6491 0.5340 0.8816 0.7150 0.6491
KASHIBO_SAN_ALEJANDRO  0.5518 0.8763 0.6704 0.5781 0.5229 0.8828 0.6685 0.9218 0.9096 0.5390 0.1298 0.1482 0.0000 0.1298 0.6491 0.7524 0.5637 0.6704 0.7109 0.8704 0.6654 0.6654 0.6639 0.5267 0.8803 0.7109 0.6654
KASHIBO_SUNGAROYACU    0.5746 0.8763 0.6491 0.5992 0.5229 0.8828 0.6685 0.9218 0.9096 0.5637 0.0000 0.0664 0.1298 0.0000 0.6271 0.7524 0.5390 0.6704 0.7109 0.8704 0.6654 0.6436 0.6441 0.5497 0.8803 0.7109 0.6436
KATUKINA_PANO          0.5941 0.8712 0.4674 0.6182 0.6662 0.8624 0.6282 0.9041 0.8914 0.5842 0.6271 0.6106 0.6491 0.6271 0.0000 0.6547 0.4773 0.3029 0.6715 0.8976 0.5695 0.3936 0.5042 0.6125 0.8902 0.6019 0.4260
KAXARARI               0.7412 0.9128 0.7183 0.7197 0.7538 0.8326 0.6934 0.9051 0.9070 0.7224 0.7524 0.7557 0.7524 0.7524 0.6547 0.0000 0.6816 0.6547 0.7183 0.8988 0.6259 0.6931 0.7081 0.7338 0.9061 0.7183 0.6491
KAXINAWA               0.4780 0.8439 0.4479 0.5587 0.6491 0.8485 0.5680 0.9051 0.9211 0.5912 0.5390 0.5466 0.5637 0.5390 0.4773 0.6816 0.0000 0.5056 0.6978 0.8655 0.5770 0.4674 0.4868 0.5281 0.8763 0.5590 0.4057
MARUBO                 0.5708 0.8852 0.4674 0.5968 0.6883 0.8925 0.6491 0.9041 0.9061 0.5842 0.6704 0.6753 0.6704 0.6704 0.3029 0.6547 0.5056 0.0000 0.6715 0.8976 0.5430 0.4868 0.5295 0.6125 0.9051 0.5770 0.4570
MATIS                  0.6800 0.9121 0.6931 0.6786 0.7303 0.8925 0.6491 0.9188 0.9342 0.6320 0.7109 0.7150 0.7109 0.7109 0.6715 0.7183 0.6978 0.6715 0.0000 0.8087 0.6433 0.6662 0.6646 0.6337 0.9051 0.7343 0.6433
MATSES                 0.8574 0.9342 0.8810 0.8485 0.9128 0.9307 0.8608 0.9442 0.9450 0.8480 0.8704 0.8720 0.8704 0.8704 0.8976 0.8988 0.8655 0.8976 0.8087 0.0000 0.8795 0.8619 0.8749 0.8138 0.9446 0.9138 0.8619
POYANAWA               0.6329 0.8840 0.5695 0.5906 0.7261 0.8763 0.6225 0.9031 0.9051 0.6259 0.6654 0.6704 0.6654 0.6654 0.5695 0.6259 0.5770 0.5430 0.6433 0.8795 0.0000 0.5617 0.5708 0.6282 0.8574 0.5950 0.4769
SHANENAWA              0.5390 0.8403 0.3936 0.5680 0.6833 0.8448 0.5540 0.8878 0.9051 0.5770 0.6436 0.6491 0.6654 0.6436 0.3936 0.6931 0.4674 0.4868 0.6662 0.8619 0.5617 0.0000 0.4119 0.6066 0.8574 0.5430 0.2717
SHARANAHUA             0.5031 0.8535 0.4225 0.5543 0.6800 0.8439 0.5629 0.8828 0.8988 0.5842 0.6441 0.6491 0.6639 0.6441 0.5042 0.7081 0.4868 0.5295 0.6646 0.8749 0.5708 0.4119 0.0000 0.6104 0.8698 0.4508 0.4119
SHIPIBO                0.5409 0.8694 0.6741 0.5021 0.6694 0.8885 0.5958 0.9121 0.9136 0.4783 0.5497 0.5340 0.5267 0.5497 0.6125 0.7338 0.5281 0.6125 0.6337 0.8138 0.6282 0.6066 0.6104 0.0000 0.8725 0.6542 0.5842
TACANA                 0.8828 0.4603 0.8429 0.8456 0.9188 0.5665 0.8568 0.6196 0.6547 0.9061 0.8803 0.8816 0.8803 0.8803 0.8902 0.9061 0.8763 0.9051 0.9051 0.9446 0.8574 0.8574 0.8698 0.8725 0.0000 0.8749 0.8574
YAMINAWA               0.6167 0.8712 0.4372 0.6591 0.7502 0.8624 0.6891 0.9041 0.9061 0.6766 0.7109 0.7150 0.7109 0.7109 0.6019 0.7183 0.5590 0.5770 0.7343 0.9138 0.5950 0.5430 0.4508 0.6542 0.8749 0.0000 0.4260
YAWANAWA               0.4868 0.8553 0.2877 0.5446 0.6833 0.8608 0.5776 0.9031 0.9196 0.5770 0.6436 0.6491 0.6654 0.6436 0.4260 0.6491 0.4057 0.4570 0.6433 0.8619 0.4769 0.2717 0.4119 0.5842 0.8574 0.4260 0.0000
