 15
ASSINIBOINE  0.0000 0.7379 0.8422 0.8080 0.4795 0.8007 0.6167 0.3420 0.4534 0.7695 0.7681 0.6376 0.6523 0.5643 0.6523
BILOXI       0.7379 0.0000 0.8229 0.8199 0.7330 0.8258 0.7498 0.7552 0.7573 0.8007 0.6978 0.7389 0.7153 0.6536 0.7472
CATAWBA      0.8422 0.8229 0.0000 0.8539 0.8330 0.8582 0.8415 0.8265 0.8183 0.8778 0.8713 0.8642 0.8402 0.8392 0.8672
CROW         0.8080 0.8199 0.8539 0.0000 0.7859 0.7022 0.7695 0.8374 0.8158 0.8320 0.8503 0.7753 0.7524 0.7720 0.7672
DAKOTA       0.4795 0.7330 0.8330 0.7859 0.0000 0.7939 0.6366 0.3919 0.3591 0.6945 0.7433 0.6568 0.7054 0.5922 0.5705
HIDATSA      0.8007 0.8258 0.8582 0.7022 0.7939 0.0000 0.7779 0.8291 0.7837 0.8244 0.8810 0.7976 0.7759 0.8116 0.8158
KANSA        0.6167 0.7498 0.8415 0.7695 0.6366 0.7779 0.0000 0.6760 0.6226 0.7472 0.7607 0.3762 0.3249 0.4341 0.6224
LAKHOTA      0.3420 0.7552 0.8265 0.8374 0.3919 0.8291 0.6760 0.0000 0.3436 0.7347 0.7863 0.6978 0.7267 0.6618 0.6523
LAKOTA       0.4534 0.7573 0.8183 0.8158 0.3591 0.7837 0.6226 0.3436 0.0000 0.7244 0.7988 0.6756 0.6863 0.6419 0.6180
MANDAN       0.7695 0.8007 0.8778 0.8320 0.6945 0.8244 0.7472 0.7347 0.7244 0.0000 0.8314 0.7524 0.7601 0.7281 0.7753
OFO          0.7681 0.6978 0.8713 0.8503 0.7433 0.8810 0.7607 0.7863 0.7988 0.8314 0.0000 0.7494 0.7410 0.7011 0.7410
OMAHA_PONCA  0.6376 0.7389 0.8642 0.7753 0.6568 0.7976 0.3762 0.6978 0.6756 0.7524 0.7494 0.0000 0.4199 0.3919 0.5613
OSAGE        0.6523 0.7153 0.8402 0.7524 0.7054 0.7759 0.3249 0.7267 0.6863 0.7601 0.7410 0.4199 0.0000 0.4241 0.6362
QUAPAW       0.5643 0.6536 0.8392 0.7720 0.5922 0.8116 0.4341 0.6618 0.6419 0.7281 0.7011 0.3919 0.4241 0.0000 0.5301
WINNEBAGO    0.6523 0.7472 0.8672 0.7672 0.5705 0.8158 0.6224 0.6523 0.6180 0.7753 0.7410 0.5613 0.6362 0.5301 0.0000
