 6
BIWAT_3      0.0000 0.6946 0.7098 0.6466 0.6571 0.6122
BUN          0.6946 0.0000 0.6917 0.6593 0.5882 0.5773
CHANGRIWA    0.7098 0.6917 0.0000 0.7143 0.6714 0.6828
KYAIMBARANG  0.6466 0.6593 0.7143 0.0000 0.5769 0.6099
KYENELE      0.6571 0.5882 0.6714 0.5769 0.0000 0.5604
MEKMEK       0.6122 0.5773 0.6828 0.6099 0.5604 0.0000
