 21
BARI_COLUMBIA       0.0000 0.8920 0.8972 0.8952 0.9194 0.8809 0.9243 0.1957 0.8931 0.8822 0.9023 0.9406 0.9098 0.9126 0.8453 0.9390 0.9515 0.9321 0.9390 0.8972 0.5972
BORUCA              0.8920 0.0000 0.8177 0.8735 0.8613 0.8844 0.9332 0.9053 0.9384 0.8726 0.9025 0.9120 0.8962 0.8608 0.8952 0.8972 0.9442 0.9388 0.8844 0.8855 0.9249
BRIBRI              0.8972 0.8177 0.0000 0.7010 0.6750 0.8743 0.9285 0.8972 0.9231 0.8757 0.8936 0.9310 0.8874 0.8482 0.8715 0.8886 0.8994 0.9237 0.8447 0.8757 0.9321
CABECAR             0.8952 0.8735 0.7010 0.0000 0.6059 0.8877 0.9347 0.9080 0.9396 0.8887 0.9053 0.9142 0.8866 0.8775 0.8726 0.9120 0.9218 0.9088 0.8490 0.8763 0.9156
CABECAR_CHIRIPO     0.9194 0.8613 0.6750 0.6059 0.0000 0.8780 0.9228 0.9194 0.9304 0.9098 0.9328 0.9258 0.9078 0.8960 0.8911 0.8936 0.9212 0.9433 0.8780 0.8948 0.9406
CHIBCHA             0.8809 0.8844 0.8743 0.8877 0.8780 0.0000 0.9143 0.8960 0.9342 0.8886 0.8765 0.9304 0.9143 0.8757 0.8849 0.9416 0.9265 0.8739 0.9416 0.8597 0.9062
CHIMILA             0.9243 0.9332 0.9285 0.9347 0.9228 0.9143 0.0000 0.9385 0.9454 0.9152 0.9512 0.9168 0.9406 0.9292 0.9401 0.9411 0.9396 0.9457 0.9539 0.9152 0.9310
COLOMBIAN_BARI      0.1957 0.9053 0.8972 0.9080 0.9194 0.8960 0.9385 0.0000 0.8931 0.8822 0.9023 0.9406 0.9098 0.9126 0.8453 0.9390 0.9515 0.9321 0.9390 0.8972 0.6199
CUNA                0.8931 0.9384 0.9231 0.9396 0.9304 0.9342 0.9454 0.8931 0.0000 0.9461 0.9168 0.9357 0.9567 0.9574 0.5811 0.9457 0.9446 0.9288 0.9225 0.9231 0.8907
DAMANA              0.8822 0.8726 0.8757 0.8887 0.9098 0.8886 0.9152 0.8822 0.9461 0.0000 0.9236 0.9310 0.6836 0.7857 0.9143 0.9420 0.9787 0.9237 0.9420 0.9034 0.9071
DORASQUE            0.9023 0.9025 0.8936 0.9053 0.9328 0.8765 0.9512 0.9023 0.9168 0.9236 0.0000 0.9390 0.9220 0.8948 0.8733 0.9374 0.9355 0.9044 0.8765 0.8936 0.9126
GUAYMI              0.9406 0.9120 0.9310 0.9142 0.9258 0.9304 0.9168 0.9406 0.9357 0.9310 0.9390 0.0000 0.9425 0.8796 0.9292 0.9429 0.9152 0.9249 0.8909 0.9310 0.9450
IKA                 0.9098 0.8962 0.8874 0.8866 0.9078 0.9143 0.9406 0.9098 0.9567 0.6836 0.9220 0.9425 0.0000 0.8133 0.9126 0.9004 0.9530 0.9225 0.9279 0.9285 0.9310
KOGUI               0.9126 0.8608 0.8482 0.8775 0.8960 0.8757 0.9292 0.9126 0.9574 0.7857 0.8948 0.8796 0.8133 0.0000 0.9285 0.9298 0.9279 0.8763 0.9168 0.8909 0.9327
KUNA_YALA_SAN_BLAS  0.8453 0.8952 0.8715 0.8726 0.8911 0.8849 0.9401 0.8453 0.5811 0.9143 0.8733 0.9292 0.9126 0.9285 0.0000 0.9272 0.9108 0.8972 0.8994 0.8715 0.8770
MELEKU_JAIKA        0.9390 0.8972 0.8886 0.9120 0.8936 0.9416 0.9411 0.9390 0.9457 0.9420 0.9374 0.9429 0.9004 0.9298 0.9272 0.0000 0.9533 0.9347 0.8874 0.9160 0.9316
PECH                0.9515 0.9442 0.8994 0.9218 0.9212 0.9265 0.9396 0.9515 0.9446 0.9787 0.9355 0.9152 0.9530 0.9279 0.9108 0.9533 0.0000 0.9332 0.9126 0.8849 0.9549
RAMA                0.9321 0.9388 0.9237 0.9088 0.9433 0.8739 0.9457 0.9321 0.9288 0.9237 0.9044 0.9249 0.9225 0.8763 0.8972 0.9347 0.9332 0.0000 0.9231 0.8877 0.9371
TERIBE              0.9390 0.8844 0.8447 0.8490 0.8780 0.9416 0.9539 0.9390 0.9225 0.9420 0.8765 0.8909 0.9279 0.9168 0.8994 0.8874 0.9126 0.9231 0.0000 0.8743 0.9438
TUNEBO              0.8972 0.8855 0.8757 0.8763 0.8948 0.8597 0.9152 0.8972 0.9231 0.9034 0.8936 0.9310 0.9285 0.8909 0.8715 0.9160 0.8849 0.8877 0.8743 0.0000 0.8941
VENEZUELAN_BARI     0.5972 0.9249 0.9321 0.9156 0.9406 0.9062 0.9310 0.6199 0.8907 0.9071 0.9126 0.9450 0.9310 0.9327 0.8770 0.9316 0.9549 0.9371 0.9438 0.8941 0.0000
