 6
ALUTOR     0.0000 0.4673 0.8999 0.3395 0.8704 0.8674
CHUKCHEE   0.4673 0.0000 0.8992 0.4595 0.8695 0.8664
ITELMEN    0.8999 0.8992 0.0000 0.9012 0.5105 0.5119
KORYAK     0.3395 0.4595 0.9012 0.0000 0.8723 0.8695
N_ITELMEN  0.8704 0.8695 0.5105 0.8723 0.0000 0.4244
S_ITELMEN  0.8674 0.8664 0.5119 0.8695 0.4244 0.0000
