 11
ABUL        0.0000 0.1440 0.6805 0.4423 0.4673 0.6135 0.4915 0.5055 0.5897 0.3572 0.7285
EBANG       0.1440 0.0000 0.6773 0.4825 0.4840 0.6278 0.5078 0.4986 0.6045 0.4006 0.7104
KO1         0.6805 0.6773 0.0000 0.6836 0.6911 0.7155 0.7077 0.6970 0.7285 0.7203 0.7285
LARU_SUDAN  0.4423 0.4825 0.6836 0.0000 0.5847 0.6702 0.5432 0.5548 0.6669 0.5098 0.7456
LOGOL       0.4673 0.4840 0.6911 0.5847 0.0000 0.6236 0.5897 0.5997 0.6192 0.5750 0.7692
MORO        0.6135 0.6278 0.7155 0.6702 0.6236 0.0000 0.6941 0.6135 0.5121 0.6765 0.7600
RERE        0.4915 0.5078 0.7077 0.5432 0.5897 0.6941 0.0000 0.5796 0.6740 0.4664 0.7394
SHIRUMBA    0.5055 0.4986 0.6970 0.5548 0.5997 0.6135 0.5796 0.0000 0.6278 0.5248 0.7130
TIRO        0.5897 0.6045 0.7285 0.6669 0.6192 0.5121 0.6740 0.6278 0.0000 0.6038 0.7436
UTORO       0.3572 0.4006 0.7203 0.5098 0.5750 0.6765 0.4664 0.5248 0.6038 0.0000 0.7351
WARNANG     0.7285 0.7104 0.7285 0.7456 0.7692 0.7600 0.7394 0.7130 0.7436 0.7351 0.0000
