 10
JEISCH      0.0000 0.9595 0.9235 0.9406 0.9558 0.9235 0.9399 0.9399 0.9399 0.4850
KOMNZO      0.9595 0.0000 0.9720 0.9722 0.7855 0.9114 0.9114 0.9114 0.9114 0.9543
NAMBO       0.9235 0.9720 0.0000 0.8628 0.9699 0.9360 0.9532 0.9532 0.9532 0.9260
NAMO        0.9406 0.9722 0.8628 0.0000 0.9538 0.9538 0.9702 0.9702 0.9702 0.9392
PEREMKA     0.9558 0.7855 0.9699 0.9538 0.0000 0.9360 0.9360 0.9360 0.9360 0.9629
RAWA_BIRU   0.9235 0.9114 0.9360 0.9538 0.9360 0.0000 0.5827 0.7494 0.7494 0.9260
SOTA        0.9399 0.9114 0.9532 0.9702 0.9360 0.5827 0.0000 0.6431 0.6714 0.9509
TOMER       0.9399 0.9114 0.9532 0.9702 0.9360 0.7494 0.6431 0.0000 0.1740 0.9509
YANGGANDUR  0.9399 0.9114 0.9532 0.9702 0.9360 0.7494 0.6714 0.1740 0.0000 0.9509
YEY         0.4850 0.9543 0.9260 0.9392 0.9629 0.9260 0.9509 0.9509 0.9509 0.0000
