 6
ALABAMA    0.0000 0.4915 0.4915 0.7545 0.2692 0.5742
CHICKASAW  0.4915 0.0000 0.2010 0.7692 0.5796 0.6526
CHOCTAW    0.4915 0.2010 0.0000 0.7545 0.5796 0.6526
CREEK      0.7545 0.7692 0.7545 0.0000 0.7692 0.7213
KOASATI    0.2692 0.5796 0.5796 0.7692 0.0000 0.6147
MIKASUKI   0.5742 0.6526 0.6526 0.7213 0.6147 0.0000
