 12
AMBULAS      0.0000 0.4835 0.3761 0.4462 0.4810 0.4894 0.1823 0.5333 0.4951 0.2847 0.3870 0.5093
GAIKUNDI_2   0.4835 0.0000 0.4957 0.5470 0.5614 0.5714 0.4892 0.6291 0.5942 0.4954 0.4505 0.5902
HANGA_HUNDI  0.3761 0.4957 0.0000 0.4987 0.5774 0.5470 0.4281 0.6117 0.5728 0.4364 0.4856 0.6078
IATMUL       0.4462 0.5470 0.4987 0.0000 0.5784 0.5326 0.5128 0.6410 0.3077 0.4774 0.4335 0.5702
KWUSAUN      0.4810 0.5614 0.5774 0.5784 0.0000 0.5659 0.4644 0.5517 0.5326 0.4710 0.5326 0.3684
MANAMBU      0.4894 0.5714 0.5470 0.5326 0.5659 0.0000 0.4505 0.5614 0.4576 0.4799 0.5221 0.5758
MAPRIK       0.1823 0.4892 0.4281 0.5128 0.4644 0.4505 0.0000 0.5014 0.4576 0.2424 0.4103 0.4734
NGALA        0.5333 0.6291 0.6117 0.6410 0.5517 0.5614 0.5014 0.0000 0.5841 0.5470 0.6017 0.5614
NYAURA       0.4951 0.5942 0.5728 0.3077 0.5326 0.4576 0.4576 0.5841 0.0000 0.4862 0.5072 0.5014
WOSERA       0.2847 0.4954 0.4364 0.4774 0.4710 0.4799 0.2424 0.5470 0.4862 0.0000 0.3684 0.5014
YELOGU       0.3870 0.4505 0.4856 0.4335 0.5326 0.5221 0.4103 0.6017 0.5072 0.3684 0.0000 0.5421
YENGORU      0.5093 0.5902 0.6078 0.5702 0.3684 0.5758 0.4734 0.5614 0.5014 0.5014 0.5421 0.0000
