 13
BENARAF    0.0000 0.6151 0.3801 0.3801 0.6469 0.5198 0.5847 0.4982 0.6426 0.5225 0.6269 0.7715 0.4905
BERIK_3    0.6151 0.0000 0.6151 0.6151 0.7200 0.5956 0.6700 0.6381 0.6665 0.6560 0.6872 0.7225 0.6523
BETAF      0.3801 0.6151 0.0000 0.4094 0.6269 0.5424 0.5847 0.4729 0.5790 0.4729 0.6062 0.7559 0.2842
DABE       0.3801 0.6151 0.4094 0.0000 0.6469 0.5424 0.5847 0.4193 0.5562 0.4467 0.6269 0.7559 0.4645
DINEOR     0.6469 0.7200 0.6269 0.6469 0.0000 0.6444 0.6269 0.6700 0.7176 0.6700 0.6849 0.7867 0.6469
ITIK_2     0.5198 0.5956 0.5424 0.5424 0.6444 0.0000 0.5198 0.6297 0.6402 0.6297 0.5424 0.7639 0.6253
JOFOTEK    0.5847 0.6700 0.5847 0.5847 0.6269 0.5198 0.0000 0.6511 0.6814 0.6883 0.3801 0.7715 0.6269
KEDER      0.4982 0.6381 0.4729 0.4193 0.6700 0.6297 0.6511 0.0000 0.5847 0.5522 0.6700 0.7580 0.4729
KWESTEN_2  0.6426 0.6665 0.5790 0.5562 0.7176 0.6402 0.6814 0.5847 0.0000 0.6062 0.6998 0.7851 0.6221
KWINSU     0.5225 0.6560 0.4729 0.4467 0.6700 0.6297 0.6883 0.5522 0.6062 0.0000 0.7232 0.7580 0.5225
MANDER_2   0.6269 0.6872 0.6062 0.6269 0.6849 0.5424 0.3801 0.6700 0.6998 0.7232 0.0000 0.7867 0.6469
ORYA       0.7715 0.7225 0.7559 0.7559 0.7867 0.7639 0.7715 0.7580 0.7851 0.7580 0.7867 0.0000 0.7559
VITOU      0.4905 0.6523 0.2842 0.4645 0.6469 0.6253 0.6269 0.4729 0.6221 0.5225 0.6469 0.7559 0.0000
