 14
PAPANTLA_TOTONAC       0.0000 0.4842 0.4842 0.5355 0.2231 0.2059 0.2300 0.1404 0.4688 0.1404 0.1544 0.3564 0.3331 0.3331
TEPEHUA_HUEHUETLA      0.4842 0.0000 0.1971 0.2521 0.4877 0.5104 0.4660 0.4660 0.5104 0.4660 0.4890 0.4071 0.4071 0.4071
TEPEHUA_PISA_FLORES    0.4842 0.1971 0.0000 0.2252 0.4877 0.5104 0.4660 0.4660 0.4926 0.4660 0.4711 0.4071 0.4071 0.4071
TEPEHUA_TLACHICHILCO   0.5355 0.2521 0.2252 0.0000 0.5059 0.5276 0.5190 0.5190 0.5443 0.4842 0.5393 0.4660 0.4660 0.4660
TOTONAC_COATEPEC       0.2231 0.4877 0.4877 0.5059 0.0000 0.1975 0.2518 0.1616 0.4719 0.0942 0.2059 0.3309 0.3309 0.3309
TOTONAC_COYUTLA        0.2059 0.5104 0.5104 0.5276 0.1975 0.0000 0.2059 0.1437 0.4576 0.1103 0.1887 0.3861 0.3397 0.3634
TOTONAC_FILOMENA_MATA  0.2300 0.4660 0.4660 0.5190 0.2518 0.2059 0.0000 0.2014 0.4290 0.2014 0.1846 0.3089 0.2574 0.2836
TOTONAC_HIGHLAND       0.1404 0.4660 0.4660 0.5190 0.1616 0.1437 0.2014 0.0000 0.4688 0.1077 0.1228 0.3089 0.3089 0.3089
TOTONAC_MISANTLA       0.4688 0.5104 0.4926 0.5443 0.4719 0.4576 0.4290 0.4688 0.0000 0.4493 0.4550 0.3861 0.3397 0.3634
TOTONAC_OLINTLA        0.1404 0.4660 0.4660 0.4842 0.0942 0.1103 0.2014 0.1077 0.4493 0.0000 0.1228 0.3089 0.2836 0.2836
TOTONAC_OZELONACAXTLA  0.1544 0.4890 0.4711 0.5393 0.2059 0.1887 0.1846 0.1228 0.4550 0.1228 0.0000 0.3415 0.3179 0.3179
TOTONAC_TEJERIA        0.3564 0.4071 0.4071 0.4660 0.3309 0.3861 0.3089 0.3089 0.3861 0.3089 0.3415 0.0000 0.1077 0.0377
TOTONAC_UPPER_NEXACA   0.3331 0.4071 0.4071 0.4660 0.3309 0.3397 0.2574 0.3089 0.3397 0.2836 0.3179 0.1077 0.0000 0.0735
XICOTEPEC_TOTONAC      0.3331 0.4071 0.4071 0.4660 0.3309 0.3634 0.2836 0.3089 0.3634 0.2836 0.3179 0.0377 0.0735 0.0000
