 43
CSANGO                         0.0000 0.8292 0.8252 0.8043 0.8067 0.8981 0.8713 0.4269 0.8392 0.8250 0.8648 0.9150 0.8090 0.8254 0.8445 0.8018 0.8292 0.8119 0.7923 0.8410 0.8043 0.8698 0.8252 0.8428 0.8428 0.8635 0.8738 0.7806 0.8090 0.8410 0.8579 0.8090 0.8392 0.7923 0.8648 0.8392 0.8410 0.8392 0.8166 0.8189 0.8622 0.8292 0.8020
ERZYA                          0.8292 0.0000 0.7884 0.7490 0.7859 0.8608 0.7884 0.8236 0.8020 0.8355 0.8710 0.8927 0.7553 0.8732 0.8236 0.7806 0.7932 0.7721 0.7553 0.8043 0.8429 0.8372 0.7553 0.4653 0.3824 0.8565 0.8661 0.8523 0.8635 0.8043 0.8918 0.7553 0.8020 0.7884 0.8962 0.7859 0.8043 0.8177 0.7424 0.7458 0.8686 0.7775 0.7825
ESTONIAN                       0.8252 0.7884 0.0000 0.2875 0.3348 0.8579 0.7311 0.8043 0.7088 0.5827 0.8552 0.8909 0.3151 0.8166 0.6830 0.7750 0.7884 0.5966 0.4370 0.6740 0.7956 0.8474 0.6937 0.7693 0.7859 0.8398 0.8493 0.8347 0.8156 0.6937 0.8329 0.3474 0.6894 0.3474 0.8414 0.6694 0.6740 0.6694 0.7540 0.7572 0.8661 0.7721 0.4481
ESTONIAN_VORO                  0.8043 0.7490 0.2875 0.0000 0.3742 0.8392 0.7047 0.7833 0.6803 0.5939 0.8523 0.8750 0.2875 0.8272 0.6538 0.7316 0.7664 0.5568 0.3860 0.6434 0.7748 0.8307 0.6434 0.7635 0.7458 0.8065 0.8311 0.8156 0.8113 0.6645 0.8292 0.3217 0.6595 0.3217 0.8381 0.6380 0.6434 0.6380 0.7078 0.7120 0.8347 0.7311 0.4562
FINNISH                        0.8067 0.7859 0.3348 0.3742 0.0000 0.8564 0.7275 0.7859 0.7238 0.5212 0.8538 0.8622 0.3016 0.8147 0.7165 0.7540 0.7693 0.5898 0.4269 0.6894 0.7775 0.8324 0.6694 0.7833 0.7833 0.8236 0.8477 0.8177 0.8135 0.7088 0.8461 0.3016 0.7047 0.3348 0.8538 0.7047 0.6894 0.6849 0.7316 0.7353 0.8508 0.7522 0.4653
FOREST_ENETS_2                 0.8981 0.8608 0.8579 0.8392 0.8564 0.0000 0.8579 0.8750 0.8713 0.8931 0.7932 0.8461 0.8579 0.8552 0.8461 0.8374 0.8311 0.8643 0.8579 0.8726 0.8648 0.7873 0.8579 0.8738 0.8594 0.6682 0.8156 0.8311 0.8579 0.8726 0.7635 0.8579 0.8713 0.8579 0.7932 0.8410 0.8428 0.8564 0.8516 0.8532 0.6635 0.8608 0.8635
HILL_MARI                      0.8713 0.7884 0.7311 0.7047 0.7275 0.8579 0.0000 0.8493 0.7973 0.8315 0.8945 0.8774 0.7311 0.8166 0.7553 0.7572 0.7721 0.7660 0.7311 0.7490 0.7800 0.8856 0.3785 0.7859 0.8020 0.8538 0.8774 0.8347 0.7997 0.7833 0.8899 0.7311 0.7806 0.7127 0.8945 0.7635 0.7490 0.7458 0.3286 0.3418 0.8796 0.7380 0.7273
HUNGARIAN_2                    0.4269 0.8236 0.8043 0.7833 0.7859 0.8750 0.8493 0.0000 0.7693 0.8018 0.8579 0.9302 0.7884 0.7919 0.7775 0.7806 0.8236 0.8232 0.7884 0.8043 0.7695 0.8753 0.8043 0.8508 0.8364 0.8429 0.8661 0.7445 0.7884 0.8043 0.8648 0.7884 0.8020 0.7721 0.8710 0.7693 0.7884 0.7859 0.7948 0.7973 0.8414 0.8086 0.7825
INARI_SAAMI                    0.8392 0.8020 0.7088 0.6803 0.7238 0.8713 0.7973 0.7693 0.0000 0.7560 0.8674 0.9162 0.6894 0.8290 0.4188 0.8067 0.8020 0.7628 0.7088 0.3016 0.8086 0.8592 0.7635 0.7997 0.7997 0.8523 0.8329 0.8329 0.8135 0.2669 0.8608 0.6694 0.3860 0.7088 0.8936 0.3217 0.4826 0.4163 0.7869 0.7896 0.8648 0.7859 0.7238
INGRIAN                        0.8250 0.8355 0.5827 0.5939 0.5212 0.8931 0.8315 0.8018 0.7560 0.0000 0.8869 0.9115 0.5299 0.8461 0.7472 0.8069 0.8189 0.7370 0.6773 0.7197 0.7923 0.8774 0.7966 0.8335 0.8335 0.8564 0.8824 0.8355 0.8315 0.7399 0.8962 0.5299 0.7560 0.5299 0.9008 0.7361 0.7399 0.7361 0.8043 0.8069 0.8700 0.8189 0.6543
KAMAS                          0.8648 0.8710 0.8552 0.8523 0.8538 0.7932 0.8945 0.8579 0.8674 0.8869 0.0000 0.8022 0.8552 0.8774 0.8710 0.8508 0.8445 0.8750 0.8686 0.8686 0.8743 0.7330 0.8817 0.8827 0.8698 0.7646 0.7873 0.8710 0.8552 0.8686 0.6671 0.8552 0.8674 0.8552 0.7043 0.8538 0.8686 0.8674 0.8909 0.8918 0.7771 0.8710 0.8605
KARAGASSISCH                   0.9150 0.8927 0.8909 0.8750 0.8622 0.8461 0.8774 0.9302 0.9162 0.9115 0.8022 0.0000 0.8774 0.8856 0.9055 0.8738 0.8661 0.8700 0.8635 0.9169 0.8953 0.5127 0.8774 0.8785 0.8918 0.8429 0.8381 0.8927 0.8774 0.9040 0.8065 0.8635 0.9032 0.8774 0.8166 0.9162 0.9169 0.9162 0.8726 0.8738 0.8272 0.8796 0.8945
KARELIAN                       0.8090 0.7553 0.3151 0.2875 0.3016 0.8579 0.7311 0.7884 0.6894 0.5299 0.8552 0.8774 0.0000 0.8166 0.7019 0.7389 0.7884 0.5197 0.3474 0.6538 0.7800 0.8203 0.6740 0.7693 0.7522 0.8254 0.8493 0.8197 0.8156 0.6740 0.8329 0.1316 0.6894 0.2815 0.8414 0.6694 0.6740 0.6694 0.7353 0.7389 0.8523 0.7380 0.3932
KHANTY                         0.8254 0.8732 0.8166 0.8272 0.8147 0.8552 0.8166 0.7919 0.8290 0.8461 0.8774 0.8856 0.8166 0.0000 0.8203 0.8254 0.8474 0.8635 0.8445 0.8166 0.6389 0.8579 0.8022 0.8721 0.8721 0.8387 0.8203 0.4253 0.6894 0.8307 0.8592 0.8166 0.8290 0.8166 0.8653 0.8147 0.8166 0.8147 0.7932 0.7956 0.8239 0.8341 0.8239
KILDIN_SAAMI                   0.8445 0.8236 0.6830 0.6538 0.7165 0.8461 0.7553 0.7775 0.4188 0.7472 0.8710 0.9055 0.7019 0.8203 0.0000 0.8135 0.8086 0.8067 0.7380 0.4826 0.7850 0.8753 0.7380 0.8065 0.8065 0.8429 0.8523 0.8236 0.8197 0.4826 0.8785 0.7019 0.4738 0.6830 0.8962 0.3596 0.4826 0.4468 0.7604 0.7635 0.8686 0.7775 0.7340
KOMI_PERMYAK                   0.8018 0.7806 0.7750 0.7316 0.7540 0.8374 0.7572 0.7806 0.8067 0.8069 0.8508 0.8738 0.7389 0.8254 0.8135 0.0000 0.3016 0.7155 0.7200 0.8090 0.8043 0.8147 0.7200 0.7948 0.7948 0.8493 0.8292 0.8135 0.8252 0.8090 0.8428 0.7572 0.7896 0.7572 0.8508 0.8067 0.7923 0.8067 0.7034 0.7078 0.8477 0.3974 0.7165
KOMI_ZYRIAN_2                  0.8292 0.7932 0.7884 0.7664 0.7693 0.8311 0.7721 0.8236 0.8020 0.8189 0.8445 0.8661 0.7884 0.8474 0.8086 0.3016 0.0000 0.7721 0.7721 0.8043 0.8429 0.8102 0.7380 0.8065 0.8217 0.8565 0.8381 0.8381 0.8493 0.8043 0.8508 0.7884 0.7859 0.7884 0.8579 0.8020 0.7884 0.8020 0.7238 0.7275 0.8552 0.4481 0.7668
LIVE                           0.8119 0.7721 0.5966 0.5568 0.5898 0.8643 0.7660 0.8232 0.7628 0.7370 0.8750 0.8700 0.5197 0.8635 0.8067 0.7155 0.7721 0.0000 0.2632 0.7472 0.8135 0.8236 0.7078 0.8043 0.7869 0.8135 0.8548 0.8548 0.8355 0.7472 0.8211 0.5197 0.7436 0.5197 0.8311 0.7813 0.7472 0.7628 0.7721 0.7753 0.8428 0.7161 0.4735
LIVONIAN                       0.7923 0.7553 0.4370 0.3860 0.4269 0.8579 0.7311 0.7884 0.7088 0.6773 0.8686 0.8635 0.3474 0.8445 0.7380 0.7200 0.7721 0.2632 0.0000 0.6937 0.7956 0.8203 0.6740 0.7693 0.7693 0.8107 0.8493 0.8347 0.8311 0.6937 0.8329 0.3785 0.7088 0.3785 0.8414 0.7088 0.7127 0.7088 0.7353 0.7389 0.8381 0.7202 0.3028
LULE_SAAMI_2                   0.8410 0.8043 0.6740 0.6434 0.6894 0.8726 0.7490 0.8043 0.3016 0.7197 0.8686 0.9169 0.6538 0.8166 0.4826 0.8090 0.8043 0.7472 0.6937 0.0000 0.7800 0.8605 0.7127 0.7859 0.8020 0.8674 0.8493 0.8197 0.7833 0.2464 0.8762 0.6329 0.4269 0.6740 0.8817 0.3016 0.4083 0.3348 0.7540 0.7572 0.8796 0.7884 0.6914
MANSI                          0.8043 0.8429 0.7956 0.7748 0.7775 0.8648 0.7800 0.7695 0.8086 0.7923 0.8743 0.8953 0.7800 0.6389 0.7850 0.8043 0.8429 0.8135 0.7956 0.7800 0.0000 0.8664 0.7476 0.8552 0.8272 0.8203 0.8429 0.6088 0.4309 0.7956 0.8686 0.7800 0.7932 0.7641 0.8743 0.7932 0.7800 0.7775 0.7522 0.7553 0.8324 0.8147 0.8043
MATORISCH                      0.8698 0.8372 0.8474 0.8307 0.8324 0.7873 0.8856 0.8753 0.8592 0.8774 0.7330 0.5127 0.8203 0.8579 0.8753 0.8147 0.8102 0.8236 0.8203 0.8605 0.8664 0.0000 0.8605 0.8743 0.8488 0.8023 0.7671 0.8629 0.8474 0.8605 0.7492 0.8203 0.8592 0.8474 0.7626 0.8592 0.8732 0.8721 0.8686 0.8698 0.7864 0.8372 0.8402
MEADOW_MARI                    0.8252 0.7553 0.6937 0.6434 0.6694 0.8579 0.3785 0.8043 0.7635 0.7966 0.8817 0.8774 0.6740 0.8022 0.7380 0.7200 0.7380 0.7078 0.6740 0.7127 0.7476 0.8605 0.0000 0.7693 0.7693 0.8398 0.8635 0.8043 0.7833 0.7490 0.8762 0.6740 0.7458 0.6740 0.8817 0.7275 0.7127 0.7088 0.3619 0.3080 0.8661 0.7202 0.6727
MOKSCHA_MORDWINISCH            0.8428 0.4653 0.7693 0.7635 0.7833 0.8738 0.7859 0.8508 0.7997 0.8335 0.8827 0.8785 0.7693 0.8721 0.8065 0.7948 0.8065 0.8043 0.7693 0.7859 0.8552 0.8743 0.7693 0.0000 0.4006 0.8817 0.8785 0.8648 0.8762 0.7859 0.9040 0.7693 0.7833 0.7859 0.9077 0.7664 0.7693 0.7833 0.7572 0.7604 0.8936 0.7909 0.7956
MOKSHA                         0.8428 0.3824 0.7859 0.7458 0.7833 0.8594 0.8020 0.8364 0.7997 0.8335 0.8698 0.8918 0.7522 0.8721 0.8065 0.7948 0.8217 0.7869 0.7693 0.8020 0.8272 0.8488 0.7693 0.4006 0.0000 0.8552 0.8648 0.8508 0.8622 0.7859 0.8909 0.7522 0.7833 0.7859 0.8953 0.7833 0.8020 0.8156 0.7572 0.7604 0.8674 0.8065 0.7956
NENETS                         0.8635 0.8565 0.8398 0.8065 0.8236 0.6682 0.8538 0.8429 0.8523 0.8564 0.7646 0.8429 0.8254 0.8387 0.8429 0.8493 0.8565 0.8135 0.8107 0.8674 0.8203 0.8023 0.8398 0.8817 0.8552 0.0000 0.7204 0.8000 0.8398 0.8674 0.7169 0.8254 0.8661 0.8254 0.7492 0.8381 0.8538 0.8381 0.8477 0.8493 0.2731 0.8565 0.8460
NGANASAN_2                     0.8738 0.8661 0.8493 0.8311 0.8477 0.8156 0.8774 0.8661 0.8329 0.8824 0.7873 0.8381 0.8493 0.8203 0.8523 0.8292 0.8381 0.8548 0.8493 0.8493 0.8429 0.7671 0.8635 0.8785 0.8648 0.7204 0.0000 0.8086 0.8347 0.8493 0.7238 0.8493 0.8477 0.8493 0.7564 0.8329 0.8493 0.8177 0.8726 0.8738 0.7169 0.8523 0.8552
NORTHERN_KHANTY                0.7806 0.8523 0.8347 0.8156 0.8177 0.8311 0.8347 0.7445 0.8329 0.8355 0.8710 0.8927 0.8197 0.4253 0.8236 0.8135 0.8381 0.8548 0.8347 0.8197 0.6088 0.8629 0.8043 0.8648 0.8508 0.8000 0.8086 0.0000 0.6635 0.8347 0.8508 0.8197 0.8329 0.8043 0.8579 0.8177 0.8197 0.8177 0.7948 0.7973 0.7825 0.8381 0.8272
NORTHERN_MANSI                 0.8090 0.8635 0.8156 0.8113 0.8135 0.8579 0.7997 0.7884 0.8135 0.8315 0.8552 0.8774 0.8156 0.6894 0.8197 0.8252 0.8493 0.8355 0.8311 0.7833 0.4309 0.8474 0.7833 0.8762 0.8622 0.8398 0.8347 0.6635 0.0000 0.7997 0.8477 0.8156 0.8135 0.7997 0.8552 0.7973 0.7997 0.7973 0.7721 0.7750 0.8381 0.8493 0.8236
NORTHERN_SAAMI                 0.8410 0.8043 0.6937 0.6645 0.7088 0.8726 0.7833 0.8043 0.2669 0.7399 0.8686 0.9040 0.6740 0.8307 0.4826 0.8090 0.8043 0.7472 0.6937 0.2464 0.7956 0.8605 0.7490 0.7859 0.7859 0.8674 0.8493 0.8347 0.7997 0.0000 0.8762 0.6538 0.3348 0.6937 0.8945 0.3348 0.4647 0.4269 0.7896 0.7923 0.8796 0.7884 0.7096
NORTHERN_SELKUP                0.8579 0.8918 0.8329 0.8292 0.8461 0.7635 0.8899 0.8648 0.8608 0.8962 0.6671 0.8065 0.8329 0.8592 0.8785 0.8428 0.8508 0.8211 0.8329 0.8762 0.8686 0.7492 0.8762 0.9040 0.8909 0.7169 0.7238 0.8508 0.8477 0.8762 0.0000 0.8329 0.8750 0.8329 0.2460 0.8608 0.8762 0.8608 0.8999 0.9008 0.7307 0.8648 0.8398
NORTH_KARELIAN                 0.8090 0.7553 0.3474 0.3217 0.3016 0.8579 0.7311 0.7884 0.6694 0.5299 0.8552 0.8635 0.1316 0.8166 0.7019 0.7572 0.7884 0.5197 0.3785 0.6329 0.7800 0.8203 0.6740 0.7693 0.7522 0.8254 0.8493 0.8197 0.8156 0.6538 0.8329 0.0000 0.6894 0.2464 0.8414 0.6487 0.6538 0.6487 0.7353 0.7389 0.8523 0.7553 0.3932
NORTH_SAAMI                    0.8392 0.8020 0.6894 0.6595 0.7047 0.8713 0.7806 0.8020 0.3860 0.7560 0.8674 0.9032 0.6894 0.8290 0.4738 0.7896 0.7859 0.7436 0.7088 0.4269 0.7932 0.8592 0.7458 0.7833 0.7833 0.8661 0.8477 0.8329 0.8135 0.3348 0.8750 0.6894 0.0000 0.6894 0.8936 0.4735 0.4826 0.4454 0.7869 0.7896 0.8785 0.7693 0.7238
OLONETS_KARELIAN               0.7923 0.7884 0.3474 0.3217 0.3348 0.8579 0.7127 0.7721 0.7088 0.5299 0.8552 0.8774 0.2815 0.8166 0.6830 0.7572 0.7884 0.5197 0.3785 0.6740 0.7641 0.8474 0.6740 0.7859 0.7859 0.8254 0.8493 0.8043 0.7997 0.6937 0.8329 0.2464 0.6894 0.0000 0.8414 0.6894 0.6740 0.6694 0.7353 0.7389 0.8523 0.7380 0.3642
SELKUP                         0.8648 0.8962 0.8414 0.8381 0.8538 0.7932 0.8945 0.8710 0.8936 0.9008 0.7043 0.8166 0.8414 0.8653 0.8962 0.8508 0.8579 0.8311 0.8414 0.8817 0.8743 0.7626 0.8817 0.9077 0.8953 0.7492 0.7564 0.8579 0.8552 0.8945 0.2460 0.8414 0.8936 0.8414 0.0000 0.8807 0.8945 0.8936 0.9040 0.9048 0.7619 0.8710 0.8474
SKOLT_SAAMI                    0.8392 0.7859 0.6694 0.6380 0.7047 0.8410 0.7635 0.7693 0.3217 0.7361 0.8538 0.9162 0.6694 0.8147 0.3596 0.8067 0.8020 0.7813 0.7088 0.3016 0.7932 0.8592 0.7275 0.7664 0.7833 0.8381 0.8329 0.8177 0.7973 0.3348 0.8608 0.6487 0.4735 0.6894 0.8807 0.0000 0.4269 0.3860 0.7506 0.7540 0.8508 0.7859 0.7058
SOUTHERN_SAAMI                 0.8410 0.8043 0.6740 0.6434 0.6894 0.8428 0.7490 0.7884 0.4826 0.7399 0.8686 0.9169 0.6740 0.8166 0.4826 0.7923 0.7884 0.7472 0.7127 0.4083 0.7800 0.8732 0.7127 0.7693 0.8020 0.8538 0.8493 0.8197 0.7997 0.4647 0.8762 0.6538 0.4826 0.6740 0.8945 0.4269 0.0000 0.2308 0.7540 0.7572 0.8523 0.7721 0.7096
SOUTH_SAAMI                    0.8392 0.8177 0.6694 0.6380 0.6849 0.8564 0.7458 0.7859 0.4163 0.7361 0.8674 0.9162 0.6694 0.8147 0.4468 0.8067 0.8020 0.7628 0.7088 0.3348 0.7775 0.8721 0.7088 0.7833 0.8156 0.8381 0.8177 0.8177 0.7973 0.4269 0.8608 0.6487 0.4454 0.6694 0.8936 0.3860 0.2308 0.0000 0.7506 0.7540 0.8364 0.7859 0.7058
TSCHEREMISSISCH_KOZMODEMJANSK  0.8166 0.7424 0.7540 0.7078 0.7316 0.8516 0.3286 0.7948 0.7869 0.8043 0.8909 0.8726 0.7353 0.7932 0.7604 0.7034 0.7238 0.7721 0.7353 0.7540 0.7522 0.8686 0.3619 0.7572 0.7572 0.8477 0.8726 0.7948 0.7721 0.7896 0.8999 0.7353 0.7869 0.7353 0.9040 0.7506 0.7540 0.7506 0.0000 0.0742 0.8608 0.7238 0.7311
TSCHEREMISSISCH_URZUM          0.8189 0.7458 0.7572 0.7120 0.7353 0.8532 0.3418 0.7973 0.7896 0.8069 0.8918 0.8738 0.7389 0.7956 0.7635 0.7078 0.7275 0.7753 0.7389 0.7572 0.7553 0.8698 0.3080 0.7604 0.7604 0.8493 0.8738 0.7973 0.7750 0.7923 0.9008 0.7389 0.7896 0.7389 0.9048 0.7540 0.7572 0.7540 0.0742 0.0000 0.8622 0.7275 0.7346
TUNDRA_NENETS                  0.8622 0.8686 0.8661 0.8347 0.8508 0.6635 0.8796 0.8414 0.8648 0.8700 0.7771 0.8272 0.8523 0.8239 0.8686 0.8477 0.8552 0.8428 0.8381 0.8796 0.8324 0.7864 0.8661 0.8936 0.8674 0.2731 0.7169 0.7825 0.8381 0.8796 0.7307 0.8523 0.8785 0.8523 0.7619 0.8508 0.8523 0.8364 0.8608 0.8622 0.0000 0.8686 0.8579
UDMURT                         0.8292 0.7775 0.7721 0.7311 0.7522 0.8608 0.7380 0.8086 0.7859 0.8189 0.8710 0.8796 0.7380 0.8341 0.7775 0.3974 0.4481 0.7161 0.7202 0.7884 0.8147 0.8372 0.7202 0.7909 0.8065 0.8565 0.8523 0.8381 0.8493 0.7884 0.8648 0.7553 0.7693 0.7380 0.8710 0.7859 0.7721 0.7859 0.7238 0.7275 0.8686 0.0000 0.7340
VEPS_2                         0.8020 0.7825 0.4481 0.4562 0.4653 0.8635 0.7273 0.7825 0.7238 0.6543 0.8605 0.8945 0.3932 0.8239 0.7340 0.7165 0.7668 0.4735 0.3028 0.6914 0.8043 0.8402 0.6727 0.7956 0.7956 0.8460 0.8552 0.8272 0.8236 0.7096 0.8398 0.3932 0.7238 0.3642 0.8474 0.7058 0.7096 0.7058 0.7311 0.7346 0.8579 0.7340 0.0000
